137.261436 
253.846925 
136.597605 
43.431219 
87.037138 
71.861242 
639.681151 
129.223775 
120.509399 
49.421087 
356.126956 
173.460235 
334.228618 
29.965986 
17.103038 
189.948970 
65.476774 
80.257645 
158.872716 
32.607538 
34.342108 
6.929593 
21.433541 
26.134438 
20.120448 
81.573230 
112.049285 
25.299469 
21.141453 
73.694862 
11.773837 
36.365809 
55.783167 
8.642829 
132.108039 
14.625584 
73.818157 
44.011344 
45.058340 
91.857947 
198.896069 
65.399613 
73.666648 
172.699997 
15.323691 
0.038065 
2.807191 
133.637634 
97.839906 
138.538810 
98.210517 
122.629577 
71.793565 
92.339823 
44.234534 
20.531081 
120.381545 
17.648787 
132.149598 
171.131178 
88.626982 
573.988539 
147.536312 
4.022283 
99.036283 
122.962229 
202.309997 
64.125173 
131.531374 
284.410865 
321.775837 
126.640207 
78.661972 
46.960041 
175.167067 
76.722442 
90.650462 
38.766072 
5.948660 
18.273640 
351.000606 
14.085254 
30.783609 
171.081032 
185.579363 
155.780783 
322.420810 
18.007132 
80.243404 
122.592532 
33.402992 
168.522968 
134.472919 
35.407154 
21.346499 
22.460250 
70.668684 
18.605796 
241.509889 
59.389925 
133.130618 
1.740624 
11.621198 
135.358257 
95.633204 
23.962682 
478.666583 
11.819654 
218.089072 
22.214060 
8.920571 
132.461633 
0.797938 
87.666643 
111.038996 
48.369331 
63.804796 
177.088554 
128.875788 
90.182722 
249.377784 
24.298548 
344.088592 
156.119326 
127.204751 
19.413725 
32.858461 
31.994877 
140.680726 
79.798027 
270.481538 
43.119150 
67.516967 
12.049561 
175.217698 
108.584475 
9.000760 
463.265542 
162.376788 
189.832450 
23.109103 
63.100760 
4.412815 
552.533397 
154.472599 
753.831596 
24.694746 
439.904463 
48.426597 
2.341232 
197.037966 
199.821981 
5.809233 
144.881775 
79.467325 
13.355921 
85.540596 
40.766132 
175.722142 
103.523153 
76.223284 
10.258626 
239.102650 
39.028852 
46.126181 
66.281955 
118.356989 
114.713551 
14.675831 
30.801391 
83.718402 
85.866483 
432.933569 
81.136436 
377.377627 
47.476580 
73.643814 
204.333364 
28.158427 
86.629153 
105.720980 
121.587209 
106.393524 
63.367367 
11.435695 
235.789547 
22.744673 
212.444092 
68.625688 
118.877347 
227.125155 
288.459221 
86.919912 
367.351773 
80.578107 
322.282336 
97.521234 
37.082070 
34.207146 
92.176640 
119.656551 
187.191453 
634.470473 
12.263620 
82.257480 
222.446768 
121.592530 
336.990579 
224.148602 
234.518388 
167.683024 
12.077733 
70.996347 
64.501232 
14.720856 
122.158606 
78.317468 
90.733776 
36.917034 
182.926247 
4.653193 
48.458277 
30.859183 
106.588177 
117.503724 
8.168190 
294.838285 
42.169406 
177.133126 
275.680703 
147.654091 
35.630530 
76.449933 
230.834514 
92.487091 
189.456339 
177.609912 
128.817641 
305.769570 
166.814218 
44.013344 
421.676734 
416.132046 
42.001127 
73.581224 
35.896783 
56.294580 
329.121365 
66.166769 
89.092867 
272.114362 
587.473577 
24.128400 
91.563397 
102.936243 
145.760763 
22.609749 
58.594288 
62.860812 
72.692932 
94.849051 
220.344375 
125.150764 
172.578851 
12.030809 
12.198300 
378.248002 
188.869375 
39.839019 
48.608478 
362.867462 
11.809821 
48.985341 
5.502192 
1.970351 
33.821814 
44.008927 
5.812262 
167.063145 
276.344356 
129.698790 
203.073488 
201.347844 
8.545394 
65.094559 
118.519333 
13.377840 
24.754203 
91.792482 
57.675804 
116.225453 
303.894443 
343.095962 
45.689457 
24.570501 
28.573141 
177.263164 
55.614812 
215.053747 
77.321227 
103.045533 
95.828085 
65.221032 
58.389598 
59.885943 
324.931811 
4.955575 
139.045148 
438.114753 
123.565423 
122.884622 
32.913269 
540.015116 
0.277133 
179.298609 
1240.386542 
254.083158 
123.339110 
382.939960 
17.695842 
45.896663 
58.925321 
182.768561 
159.895082 
372.763117 
23.523703 
459.686531 
3.101595 
211.932170 
0.243900 
141.096147 
19.121037 
57.269343 
93.967001 
120.225451 
133.391409 
63.106505 
26.416049 
150.361216 
190.869930 
143.941645 
61.548263 
13.045762 
70.895690 
197.991554 
49.317861 
14.899895 
43.294694 
26.829407 
90.063206 
89.290008 
234.209450 
41.739638 
150.831065 
352.626127 
219.271765 
170.182228 
386.003990 
1.695803 
316.470920 
211.446383 
7.179769 
153.825071 
54.108380 
54.964545 
122.787411 
101.272404 
128.603365 
21.970471 
46.724836 
46.684048 
21.788065 
8.191198 
124.502234 
249.520399 
20.489626 
1.654077 
120.575194 
201.690432 
30.227287 
105.458467 
221.246312 
12.383643 
74.374003 
104.080852 
130.588244 
102.962094 
14.319557 
83.209250 
116.645216 
59.375988 
68.514195 
58.718810 
126.428671 
2.550201 
117.790634 
124.398742 
74.197946 
244.265280 
11.657718 
147.069464 
77.514615 
7.502305 
2.784800 
45.368561 
73.472706 
88.763886 
129.711697 
208.158588 
44.473377 
92.079544 
279.914313 
37.160087 
60.777977 
52.964603 
4.843894 
162.734652 
97.581680 
245.782411 
256.798074 
4.121006 
132.165119 
21.171754 
54.456781 
40.447949 
210.757709 
98.004121 
142.652243 
265.929474 
1.154054 
21.265663 
20.467918 
41.260513 
22.810608 
12.049577 
296.953817 
126.154369 
95.741335 
64.550601 
485.568926 
75.805527 
65.682466 
132.285638 
3.235712 
159.453149 
106.115066 
13.934776 
53.820711 
107.551384 
241.887248 
36.868241 
23.566997 
285.778331 
40.372401 
251.633994 
24.031063 
552.141824 
287.524713 
80.053920 
40.815218 
110.787380 
86.295242 
82.044355 
133.715425 
483.763416 
111.068060 
228.517516 
78.067309 
84.096071 
28.209172 
474.302236 
20.424442 
119.783236 
257.773004 
100.889541 
245.294968 
132.674215 
8.658693 
18.431327 
102.780223 
79.612108 
201.194756 
19.111872 
493.551885 
96.437072 
141.116139 
85.790029 
44.633106 
113.007094 
12.930820 
40.302602 
56.722067 
13.092115 
138.153120 
47.443473 
77.094700 
52.604459 
139.225573 
128.298182 
129.963246 
66.450707 
15.701743 
70.537613 
50.082723 
314.980602 
85.332015 
43.888423 
65.941248 
20.102420 
187.365466 
223.790230 
81.786717 
196.260694 
182.069530 
360.625655 
47.423244 
90.145154 
7.452460 
62.875551 
291.371837 
119.097050 
22.129098 
148.827056 
158.762608 
45.727800 
130.671871 
196.388710 
223.255562 
421.643849 
414.210728 
59.533124 
287.868575 
240.311282 
43.419122 
9.834331 
98.798213 
49.665711 
348.592378 
73.871444 
72.092578 
27.237399 
310.126060 
228.724428 
51.611800 
232.258662 
44.811753 
341.388152 
256.075771 
68.252882 
287.021637 
108.090837 
314.888865 
31.404911 
1.214359 
139.533053 
234.046647 
371.020921 
125.685587 
21.184164 
77.257389 
125.370381 
43.190042 
30.443473 
89.501680 
104.664034 
31.575098 
57.743089 
66.001890 
311.558918 
113.152587 
191.988156 
41.855133 
107.625523 
56.722108 
187.344052 
87.747063 
47.848280 
145.475695 
260.324817 
184.129621 
44.884632 
5.972475 
89.607468 
305.863165 
106.037337 
106.097952 
113.279372 
49.998614 
52.104648 
104.158596 
429.066142 
4.358410 
103.921848 
55.909840 
195.568266 
198.642660 
91.115215 
34.714582 
95.894708 
222.067426 
473.120948 
37.906877 
189.383177 
96.570424 
40.009498 
74.726015 
76.647620 
183.087618 
52.063074 
259.708411 
99.175955 
32.868733 
93.218142 
152.280497 
87.023461 
84.756402 
7.969003 
55.552638 
13.648950 
133.965106 
343.231846 
221.237743 
76.534560 
145.600656 
2.555814 
17.702698 
140.681686 
33.030818 
23.105030 
279.186870 
63.999956 
79.031138 
63.956634 
93.557127 
15.953093 
199.052834 
225.969971 
183.494972 
47.612457 
289.674555 
106.060681 
114.032822 
174.600303 
55.980018 
273.255533 
296.440547 
4.416180 
196.120561 
124.759071 
190.063365 
106.937183 
135.037844 
72.172137 
51.721134 
181.057965 
58.091032 
23.232590 
441.524626 
28.838643 
222.851571 
97.358991 
73.440694 
36.580960 
188.805055 
147.721370 
162.097903 
24.096938 
213.313481 
170.032364 
39.526670 
130.839673 
137.954191 
8.178606 
43.890791 
177.635728 
5.049376 
44.272482 
2.287855 
111.134972 
95.358713 
1.880008 
71.809193 
127.465565 
54.855871 
486.788029 
233.745110 
325.529444 
16.143134 
50.330998 
97.977299 
5.561375 
22.712286 
48.801774 
247.099456 
660.719362 
154.258359 
84.195637 
63.952608 
103.172889 
154.545863 
344.163817 
415.680096 
116.687205 
165.398582 
144.490299 
106.079433 
232.134808 
146.734044 
32.784234 
291.438743 
420.162729 
36.823297 
294.034781 
418.216907 
332.790921 
149.448959 
142.774916 
376.857178 
25.530551 
14.413389 
34.191986 
573.276247 
315.736142 
2.698636 
1.219453 
28.050847 
29.219663 
80.365516 
36.014543 
40.406485 
229.379989 
190.611802 
320.816445 
62.835263 
33.647210 
7.916945 
41.634956 
343.403965 
138.334463 
27.432270 
130.636789 
107.422974 
174.474883 
165.401868 
38.694559 
74.484518 
79.663660 
175.231727 
108.406058 
487.452352 
357.087018 
235.307036 
24.506144 
63.516504 
13.600082 
61.675633 
311.989345 
35.880797 
106.886978 
8.581990 
91.808053 
300.742948 
108.069206 
4.698734 
552.460524 
28.953945 
98.178072 
385.403705 
141.882250 
139.623869 
91.410479 
33.045059 
126.591922 
443.009988 
141.687500 
116.059241 
98.343931 
32.035807 
197.538173 
158.654218 
162.100288 
230.212410 
331.728304 
3.446838 
101.177918 
81.522984 
45.593980 
116.023454 
0.777745 
132.321133 
9.392009 
90.559645 
199.984611 
221.418067 
124.220597 
190.836763 
69.925206 
138.552593 
103.977859 
33.889321 
174.704651 
76.204508 
222.340425 
72.388252 
86.655905 
134.262206 
622.916223 
225.887959 
386.314449 
78.343962 
274.647844 
51.718881 
183.944182 
39.567724 
166.890370 
20.316173 
505.320152 
8.150585 
24.911046 
11.732251 
124.129261 
19.394535 
94.641481 
173.346363 
79.995683 
115.816186 
110.781445 
40.358587 
118.653700 
72.274184 
30.340887 
170.679237 
38.048852 
175.105856 
45.011426 
290.782641 
167.404661 
230.271631 
184.853712 
241.409252 
286.333748 
58.619281 
32.034819 
30.303513 
57.368128 
5.845513 
129.065938 
58.063000 
87.243668 
340.709479 
171.460609 
324.896704 
87.821391 
22.217296 
119.556824 
163.710659 
221.805695 
41.924461 
81.554753 
177.527898 
44.431373 
88.101617 
176.146065 
129.401555 
3.913058 
47.950068 
138.125020 
726.299804 
83.215224 
435.470029 
146.630226 
87.951395 
36.397420 
20.810620 
36.117389 
9.073078 
183.598682 
113.475756 
133.668264 
116.778368 
2.672717 
51.786780 
178.116460 
1.842519 
78.440181 
34.733850 
41.744036 
24.625370 
237.557826 
36.905418 
185.724976 
183.505595 
43.154823 
191.747827 
4.506721 
22.634848 
405.919840 
197.807833 
6.929099 
276.391618 
0.242105 
46.786414 
94.832430 
302.423333 
49.007940 
308.680353 
18.552496 
23.000109 
55.772519 
73.581267 
0.069663 
178.644189 
329.533993 
71.314639 
706.061152 
128.156790 
147.329522 
241.599338 
48.181439 
6.294846 
178.038035 
50.388982 
59.534820 
63.088010 
63.111893 
2.891520 
331.666481 
605.044646 
200.509329 
224.752876 
53.968245 
176.287392 
301.229929 
142.326509 
3.065335 
1.034642 
238.521219 
254.146637 
12.688174 
315.037639 
94.387998 
226.731854 
64.766126 
38.196875 
70.297595 
7.781851 
640.465391 
105.033855 
138.727578 
41.651396 
78.241451 
124.679726 
83.630780 
147.099890 
137.177063 
62.594832 
124.646496 
82.641811 
230.042301 
4.433616 
379.176085 
6.744408 
39.932786 
0.667723 
127.799799 
39.426353 
24.780100 
67.636625 
33.090020 
233.238092 
112.230025 
10.951072 
155.056197 
726.054282 
120.734433 
37.243772 
71.933247 
94.963818 
31.324296 
30.089459 
388.747385 
74.637107 
8.259782 
228.509949 
15.890517 
127.727065 
486.154302 
124.836016 
461.973200 
11.323186 
11.323500 
63.632510 
76.632146 
192.432709 
69.959816 
151.877219 
373.083958 
294.700337 
3.501344 
213.984308 
