294.837320 
125.191307 
237.185156 
36.416625 
19.288825 
292.767420 
4.599116 
167.341400 
377.817108 
52.622340 
115.062560 
21.264919 
158.843019 
1.002585 
135.547835 
362.781076 
340.439391 
87.274869 
99.477742 
75.086755 
51.771470 
1.594601 
14.269943 
104.975611 
86.637339 
70.115012 
68.478795 
162.192361 
29.527419 
25.191440 
135.595196 
99.486547 
35.061816 
91.676303 
99.291483 
20.955290 
84.497616 
176.877965 
23.918097 
157.561277 
43.443249 
11.440681 
69.618312 
180.180191 
184.488539 
4.320952 
64.043849 
224.108122 
123.334310 
129.424673 
6.343662 
25.707510 
183.446860 
9.117559 
81.369186 
120.071926 
157.405261 
33.163373 
347.240010 
13.530187 
89.026000 
157.162473 
177.444809 
198.004848 
187.695586 
180.373473 
30.644306 
33.131712 
136.588195 
141.814720 
17.581891 
47.407746 
51.998487 
61.180626 
105.316393 
534.070911 
248.555691 
381.324184 
117.239421 
11.270881 
134.747217 
270.616082 
378.837857 
272.617183 
50.551781 
138.637666 
112.326656 
245.431718 
39.302511 
78.739045 
27.348692 
88.920790 
8.890164 
576.096347 
19.385829 
460.201171 
148.932956 
70.623681 
52.182174 
2.751077 
298.806029 
232.757282 
6.663468 
12.194603 
5.752844 
60.133095 
52.922806 
81.896929 
156.177820 
154.097061 
149.893400 
322.506296 
144.075984 
123.305442 
99.096868 
130.021006 
228.228339 
400.471323 
146.142958 
77.415166 
60.725638 
92.747356 
73.260832 
21.088091 
179.238837 
80.118312 
90.560456 
209.830824 
4.050955 
109.312741 
231.239471 
101.779648 
20.303275 
220.168152 
230.723506 
233.651039 
300.233502 
16.952266 
156.545092 
130.598752 
0.688639 
82.158573 
165.625892 
52.362420 
115.545373 
101.108448 
97.146519 
271.515577 
319.518226 
125.895561 
127.746802 
122.883765 
200.013845 
310.710059 
24.785191 
160.689448 
65.498399 
140.956165 
223.355060 
225.864554 
125.902496 
408.606210 
8.351798 
92.333797 
75.185122 
58.419896 
22.078697 
246.152254 
273.412724 
70.334247 
92.254612 
24.467144 
325.845568 
214.566777 
241.114288 
37.911340 
94.384544 
120.825641 
36.529313 
124.012671 
35.207096 
125.581825 
59.060317 
103.365992 
337.907654 
112.776612 
119.658167 
158.738317 
42.318476 
13.155112 
134.516260 
116.931811 
225.023453 
82.784967 
31.683343 
61.815848 
19.167604 
177.414624 
55.287939 
39.372616 
31.533369 
217.785515 
199.404292 
490.639771 
24.529515 
379.103061 
6.723546 
188.736507 
30.450841 
37.638078 
15.084637 
93.770341 
58.520181 
130.673247 
158.860556 
187.843010 
162.823882 
23.008977 
173.069627 
4.634507 
317.104974 
160.238396 
149.976498 
38.634554 
0.390996 
72.911238 
148.295461 
360.080916 
35.035160 
42.118601 
34.737317 
66.689229 
128.773038 
67.031159 
169.576504 
116.475496 
29.821037 
65.888248 
3.917625 
90.509223 
277.279152 
317.255656 
114.367084 
275.934747 
55.723659 
373.957762 
52.151130 
803.333066 
397.012470 
77.192698 
242.956321 
326.123445 
50.658129 
201.310757 
191.263221 
177.290407 
65.639450 
119.675206 
21.896719 
137.562928 
70.045244 
7.441941 
53.323842 
109.391632 
66.433655 
195.477066 
32.479737 
49.914184 
78.422278 
258.683940 
0.344111 
16.906637 
29.318827 
97.883344 
226.091212 
33.961783 
357.078007 
305.704170 
27.488232 
104.928553 
25.650439 
239.022157 
238.709760 
28.083364 
367.524972 
165.884089 
106.200932 
409.425567 
269.236406 
159.529467 
102.877882 
149.958971 
121.638056 
268.486117 
10.528779 
262.789319 
41.520565 
122.229822 
190.503495 
157.438045 
22.729250 
214.819250 
220.008739 
84.181119 
252.903545 
49.575344 
24.172728 
46.613412 
101.566978 
536.510709 
326.481197 
291.662497 
50.956422 
57.748711 
119.191070 
91.625310 
106.687815 
39.862724 
225.851950 
146.721833 
117.804400 
79.159233 
358.567253 
103.274588 
252.257431 
131.866832 
80.923070 
209.450754 
42.623405 
99.046196 
1.641770 
27.815278 
44.328244 
22.287371 
63.178724 
13.307842 
30.330147 
164.391068 
198.528658 
47.142393 
283.349777 
19.545072 
230.172212 
135.208185 
316.118449 
4.438409 
251.756412 
3.784242 
251.803606 
16.459514 
3.966765 
258.063756 
96.611671 
30.241213 
206.228301 
20.779525 
260.055327 
266.080886 
6.532016 
97.704662 
170.424704 
143.199726 
45.684173 
171.694050 
50.344633 
324.053464 
117.266859 
188.404061 
144.383789 
172.373115 
0.963537 
151.875608 
39.946242 
26.091744 
104.236579 
80.265982 
50.657939 
207.218036 
9.146662 
54.879552 
392.745579 
41.854819 
229.141109 
125.955395 
28.846776 
149.368416 
320.345732 
22.452062 
1.154860 
27.577137 
131.971776 
156.716620 
14.312462 
110.252730 
7.241412 
184.599764 
59.311060 
351.808513 
148.650286 
23.333417 
88.412413 
60.979452 
141.965359 
507.393307 
162.917819 
197.950666 
15.681712 
144.948363 
54.242065 
16.517086 
196.689848 
121.001003 
314.976164 
403.679989 
78.565473 
156.491433 
146.696746 
81.105658 
81.767803 
5.280703 
13.122686 
16.899663 
272.619583 
254.563090 
89.843491 
236.793143 
91.837385 
3.215917 
116.304627 
227.371874 
25.167942 
126.496003 
14.474277 
3.861735 
127.724818 
282.651484 
105.693583 
286.275617 
122.690121 
205.277608 
17.138749 
14.499149 
206.132488 
83.439145 
167.807119 
69.446220 
196.782949 
110.841164 
348.659042 
77.986401 
108.914020 
21.664732 
215.109746 
0.474317 
118.337994 
328.460143 
88.198217 
1.422793 
54.188619 
75.247838 
53.888885 
220.427024 
43.353933 
403.134651 
14.698582 
161.055757 
56.825699 
94.513965 
42.679853 
47.434587 
272.741223 
178.328562 
43.002583 
206.277841 
19.639492 
60.269734 
684.388516 
145.698372 
54.547938 
104.365040 
49.150687 
77.924724 
104.278193 
196.360117 
15.419380 
177.482112 
197.083130 
136.521997 
3.450162 
298.451194 
12.719396 
263.418510 
82.311472 
363.376186 
307.359503 
41.733329 
79.485858 
311.930545 
267.983071 
5.319152 
146.665417 
160.876212 
24.176261 
52.874233 
1.208833 
185.341754 
522.746438 
270.281282 
92.779808 
158.133679 
5.030486 
150.016549 
71.022979 
312.903979 
67.643077 
130.586111 
47.740384 
303.318897 
137.650120 
157.448472 
45.949326 
34.433292 
168.432838 
10.773664 
6.284482 
25.121970 
41.390930 
28.790105 
140.648306 
69.317858 
25.942590 
85.984652 
179.304374 
20.271765 
30.645061 
232.112014 
208.958445 
36.368471 
61.776670 
90.253859 
364.057921 
186.455493 
122.965139 
7.540738 
175.997852 
208.648689 
287.507028 
107.688761 
133.587616 
4.827080 
445.964891 
118.047509 
89.386274 
114.703350 
16.352633 
126.697438 
18.999700 
278.101631 
102.592402 
92.622180 
310.154548 
263.024525 
176.818004 
119.263279 
70.594386 
101.858510 
47.032896 
53.096179 
182.110142 
352.506730 
274.509216 
124.604542 
85.183380 
276.157198 
188.686493 
182.112586 
153.563520 
25.984704 
86.359475 
211.615072 
180.719893 
71.796264 
90.120939 
35.349199 
59.768686 
71.041794 
89.964653 
92.347691 
143.389503 
66.030113 
21.941229 
121.512844 
125.088133 
59.512008 
229.793889 
98.396375 
62.978239 
19.161053 
158.812229 
9.970107 
3.362491 
92.423748 
28.406791 
123.485628 
334.343961 
122.165590 
90.595420 
177.166826 
85.419227 
139.907695 
124.889791 
4.397988 
237.142932 
13.159125 
143.652136 
58.870466 
213.946424 
77.740069 
48.106554 
10.894545 
379.223850 
79.202177 
103.681602 
138.371551 
102.123938 
63.603070 
71.616132 
52.970647 
25.797808 
4.708873 
95.473072 
83.650085 
0.276233 
293.712787 
37.151795 
79.501903 
124.881197 
157.613065 
451.422332 
37.301377 
7.690362 
23.702704 
174.954959 
118.679212 
159.468194 
296.889483 
85.704267 
41.229800 
46.318132 
162.052979 
151.794540 
177.790872 
57.785891 
193.917205 
166.807302 
42.521287 
110.412841 
158.093496 
86.879570 
117.295776 
65.349927 
336.225120 
88.440587 
3.136007 
219.247762 
216.087697 
118.183461 
89.233180 
2.798861 
137.900117 
189.964479 
15.059133 
95.766098 
85.744893 
1.341109 
39.673206 
27.342343 
159.123225 
119.305577 
1.026686 
27.562025 
294.739137 
3.132882 
99.793006 
28.997653 
64.813905 
193.531225 
201.404416 
165.931872 
80.487667 
228.708709 
159.944037 
25.553463 
69.208270 
9.419068 
163.268122 
32.056183 
222.403317 
23.489672 
59.691890 
313.923326 
45.991613 
51.129823 
46.894602 
78.155061 
259.381085 
134.686212 
323.721403 
236.898558 
17.125884 
295.791912 
94.403196 
158.719408 
75.686299 
124.391604 
64.685725 
574.185032 
44.199793 
326.971025 
4.616776 
226.892220 
365.530112 
50.112023 
57.808156 
97.844162 
436.723676 
144.969936 
31.904955 
8.847912 
94.608293 
81.952760 
18.224665 
12.362493 
90.001993 
205.772598 
78.131491 
51.561090 
96.406519 
75.775666 
17.067304 
208.378432 
227.746851 
123.819484 
292.730834 
131.756909 
109.433599 
39.702180 
224.455176 
96.095492 
86.930232 
27.314686 
9.573727 
431.390075 
118.075284 
186.660341 
159.279142 
156.207267 
66.996309 
43.380413 
346.492623 
5.798308 
13.348196 
59.598895 
294.272701 
37.981949 
278.036426 
17.732973 
87.812661 
175.938795 
317.913753 
5.590046 
68.738456 
138.929007 
61.503244 
15.076855 
232.003280 
59.596343 
253.126465 
120.826850 
38.680459 
9.557974 
191.008098 
316.671716 
425.747463 
527.581616 
47.945404 
81.886385 
50.000734 
137.510971 
20.223970 
59.175982 
124.989750 
11.333798 
229.620777 
96.792904 
172.409067 
24.436329 
137.558028 
19.849966 
123.102804 
133.990539 
60.711746 
378.362853 
262.643558 
21.627962 
180.594339 
32.219101 
226.919534 
132.263613 
24.021639 
210.841129 
13.899175 
42.264091 
171.664507 
94.551760 
131.409893 
2.509244 
92.364595 
23.859405 
538.095927 
89.311932 
154.478556 
442.210675 
89.010598 
22.830872 
68.137511 
61.850956 
267.961478 
186.274501 
78.881401 
86.581833 
102.952756 
183.688474 
236.193598 
154.330236 
250.516860 
61.406415 
0.991840 
122.043791 
68.341124 
62.025319 
391.921884 
341.155012 
297.635212 
176.871087 
9.296231 
3.216039 
166.666156 
133.798893 
195.218242 
142.539785 
123.543882 
120.119993 
130.558914 
60.230347 
224.461039 
235.708321 
149.466876 
91.266073 
231.570343 
18.670423 
108.001150 
140.423058 
141.770502 
20.251563 
98.077318 
92.325598 
268.649574 
73.870688 
96.500993 
122.282079 
32.554780 
59.690103 
34.116367 
11.814671 
256.386510 
36.432651 
303.230060 
37.349954 
134.952074 
21.159706 
132.060516 
28.326686 
94.397356 
68.948588 
167.566967 
136.323717 
31.751964 
97.309423 
61.554615 
105.110955 
169.215127 
71.170655 
204.832876 
74.174317 
16.884615 
32.988848 
75.283530 
32.788452 
88.405066 
236.711380 
57.325022 
584.703472 
37.965359 
272.758200 
78.686177 
37.671312 
46.997124 
276.043235 
182.113596 
0.950587 
168.634134 
188.179243 
393.897968 
153.733346 
53.374596 
11.730676 
362.570635 
442.275983 
187.089042 
123.758376 
88.094161 
131.493265 
624.175243 
66.553391 
141.764680 
212.089473 
63.802838 
16.134597 
29.762790 
48.196006 
333.642392 
38.373230 
135.990158 
358.223671 
70.822939 
186.278982 
121.908772 
36.189269 
267.248926 
162.431837 
102.926146 
90.379315 
172.400565 
109.863297 
290.691424 
73.377063 
78.580513 
147.048659 
266.664677 
37.136430 
44.315794 
81.950762 
566.740322 
4.152868 
92.112665 
345.590810 
229.113966 
26.790197 
45.990525 
97.772414 
304.009861 
168.069944 
13.633458 
41.536458 
85.031767 
485.551481 
30.107388 
233.715444 
385.043529 
15.671832 
33.412231 
91.868745 
10.602384 
17.246956 
47.688189 
203.586331 
50.191643 
104.042726 
57.227881 
64.523188 
162.871463 
30.671761 
71.900593 
57.606480 
218.323504 
83.480646 
6.896920 
52.268603 
399.188800 
181.818756 
72.267601 
132.277171 
3.312949 
137.476494 
166.697818 
70.015721 
11.274829 
80.024542 
384.264780 
