333.461052 
1112.336257 
11767.330276 
5567.406963 
1244.941390 
7965.713866 
2655.895188 
3716.675559 
1053.556697 
1191.825551 
4636.504261 
5642.840130 
7936.652234 
2538.237056 
7395.886272 
2241.316850 
8571.727765 
18161.292643 
4659.009845 
541.650330 
7044.470370 
2102.914351 
1976.605018 
24818.187314 
2879.949036 
2406.355830 
12871.560418 
8996.069516 
9381.487302 
1263.429780 
2087.273935 
1889.812876 
3728.068070 
1463.482164 
891.730599 
679.306508 
4956.051331 
3297.820859 
8317.594262 
11798.358130 
9513.282917 
9865.285367 
23639.394072 
947.406649 
5026.041032 
2210.001184 
397.187499 
4187.424446 
797.060357 
7696.086710 
2299.045172 
798.633756 
1265.742361 
8890.074974 
677.278313 
3452.604645 
10964.641772 
4882.696970 
1081.173315 
7102.468305 
2402.550055 
10659.760398 
25206.315304 
8030.716583 
11157.952791 
6491.920565 
5605.223836 
8547.028780 
796.301887 
7637.779893 
3132.089937 
12151.062554 
15935.311595 
18005.497780 
15312.152294 
19966.506127 
2447.392376 
21.011852 
873.994725 
8718.366900 
2309.889923 
3477.592352 
13343.077351 
3866.162177 
8128.325255 
6131.544449 
35761.975383 
758.733866 
1683.234630 
3723.196359 
4851.843564 
1929.947108 
3406.550815 
4703.815667 
9777.832452 
12093.075348 
3307.236288 
8809.695788 
6912.737240 
3033.378700 
1662.251021 
8481.152585 
4942.673234 
998.446240 
7227.662042 
7083.729425 
354.089636 
3108.072244 
9737.088644 
1274.186377 
10350.826231 
1721.297659 
5783.109823 
2973.228393 
801.427277 
11322.958845 
11599.785560 
7519.545599 
6189.174172 
3852.105857 
3301.370943 
3166.903076 
3512.991654 
8701.169978 
19442.942109 
10291.701600 
5772.921091 
360.015403 
1218.856160 
1195.911177 
1324.425439 
6402.542841 
2338.652910 
4587.442198 
20698.547022 
4350.566022 
1548.938099 
14139.344066 
20948.912359 
15667.499287 
888.416421 
3453.663933 
14167.872197 
11507.874510 
3139.453417 
2917.930564 
3862.758984 
1978.968912 
1723.130285 
5939.343299 
3344.581356 
1561.131400 
6586.138139 
2483.821766 
12419.493061 
12250.244561 
4015.231811 
7820.591540 
3140.087429 
149.670601 
1258.063915 
18098.335147 
22530.269255 
4024.637142 
11229.436323 
7932.272055 
3580.689650 
2929.079209 
1912.044533 
1412.388768 
7973.612400 
688.529162 
4768.508257 
1172.636004 
4805.363519 
2572.134278 
10960.943188 
334.117559 
7154.461494 
18999.617241 
2379.256836 
8698.178226 
3814.997882 
7114.509187 
560.369672 
3468.386772 
6285.112484 
1072.705914 
8513.009134 
6908.354255 
8229.720563 
23555.253144 
2470.380593 
1677.477721 
8700.809057 
8479.211078 
2230.100336 
3747.603188 
5728.395755 
12478.095851 
5898.728289 
2540.324445 
21718.512608 
5488.388545 
5345.818000 
990.173276 
360.434701 
1189.767415 
3435.909286 
4909.976664 
5451.907005 
9688.623515 
594.361624 
8097.589129 
5853.317907 
4631.160488 
5308.896998 
4551.412596 
105.559883 
81.151764 
2083.972819 
1151.351106 
6838.365004 
1705.148640 
677.745664 
6172.421834 
3201.092135 
1984.255542 
4335.139352 
1034.711019 
462.561562 
1034.658665 
9151.307384 
38078.540773 
19620.343878 
5784.705713 
6661.349345 
2538.385525 
2290.092900 
1923.842301 
566.525293 
2054.318445 
11628.081035 
1253.320159 
942.876252 
8490.801231 
2471.499912 
1447.660784 
9469.062077 
590.913299 
7253.854992 
11185.078783 
6591.523705 
10390.886453 
16979.740281 
125.195402 
4901.066180 
1681.634922 
6202.776927 
3761.545308 
378.469611 
498.428261 
5718.431809 
4592.822945 
14472.499335 
16272.236130 
1973.633394 
3073.170705 
9077.802286 
5940.391033 
1530.039932 
3000.238867 
11639.905571 
1381.083121 
2863.181406 
7009.515807 
1487.600673 
14525.012161 
6244.019058 
1732.947264 
5787.808848 
3602.566622 
4608.554036 
9565.188070 
1126.944512 
12026.411051 
1265.256249 
2524.984969 
10192.639925 
1763.680198 
3613.948837 
13836.783586 
4830.504956 
7986.771641 
15979.647327 
9794.768733 
6286.366484 
14010.404537 
18807.315147 
6341.703220 
3865.067613 
7527.419491 
2202.323262 
11798.247553 
7878.024856 
9815.000460 
1726.479422 
11335.547676 
6168.925074 
4401.917782 
3206.382588 
638.852629 
782.203058 
9091.866527 
5326.514275 
4156.077598 
1739.797276 
10486.416250 
7148.500492 
987.891018 
1583.272140 
6758.461651 
3679.575499 
8531.379378 
397.232786 
12676.367069 
5591.088760 
10112.149864 
4754.504792 
12620.594173 
7169.435263 
1555.619261 
1279.319130 
4559.855575 
11927.025666 
676.687005 
13501.001822 
3002.151606 
15838.932217 
17355.709234 
2463.505501 
13676.600598 
35981.236329 
3509.480634 
4367.894546 
259.946368 
1229.062493 
2239.306259 
6478.514867 
4382.366594 
3690.417576 
7240.971932 
4890.141414 
3411.260784 
7032.191290 
14785.408000 
4021.383369 
4748.503706 
8322.160026 
8253.649761 
2659.173264 
1846.737388 
4156.243647 
1839.086433 
5176.784303 
654.411480 
6919.591645 
3846.512058 
10310.397924 
10793.113563 
328.431644 
1511.781775 
5872.238900 
6757.997809 
5663.635667 
4184.706859 
143.334575 
7316.542630 
11018.166696 
6183.661852 
2501.414266 
4761.016893 
1610.453575 
16132.397226 
27456.648864 
5592.509575 
306.496476 
5371.688816 
12136.793487 
1729.228902 
6933.675712 
6042.769097 
7965.196430 
3840.078919 
4907.485925 
4934.144624 
4246.509399 
9879.157598 
1294.660171 
9920.364398 
9465.513899 
12621.071805 
6913.033312 
792.316821 
16696.390305 
4050.273599 
845.706004 
5161.179140 
8029.146077 
3189.041057 
1995.769636 
17620.924481 
11491.107896 
6662.334559 
6983.423625 
10054.497711 
7498.575431 
5792.076811 
4436.708182 
59.265822 
2587.717754 
3955.619157 
3340.799455 
2954.796019 
994.677322 
783.368156 
13960.241964 
12166.473942 
4367.974743 
7241.457930 
13790.355432 
4604.125361 
8340.500670 
12260.247014 
10341.757521 
7839.788902 
3352.871519 
337.891350 
3140.055342 
3141.112168 
1355.473000 
4656.613396 
9210.809088 
18864.671146 
9103.972701 
8044.671980 
229.940118 
4863.286665 
9486.861627 
5611.698230 
2402.577532 
2757.959861 
3077.386238 
7020.554158 
4193.146122 
4527.926497 
2963.349926 
5386.449709 
3834.576260 
4588.315480 
857.130520 
2473.972866 
6487.523254 
982.885084 
8465.850082 
1174.269929 
13349.199563 
757.753161 
2500.558013 
5606.136877 
12552.556416 
13227.016390 
2512.533642 
2272.712592 
1061.078840 
1329.790538 
311.608421 
19398.331165 
13061.271346 
9321.737783 
8354.347666 
1400.335850 
3231.101484 
10695.614233 
5051.073619 
5292.799080 
6275.366548 
12247.189363 
3044.057821 
8551.795904 
16588.256294 
2874.531546 
23705.268593 
15476.820485 
47332.275612 
3585.868867 
7273.455009 
970.027499 
10729.895285 
5212.518345 
12914.200738 
6559.317838 
2421.240536 
6045.339127 
2367.752520 
6219.839380 
14701.712712 
8637.053069 
3649.659848 
433.400801 
164.465193 
5866.048949 
680.094784 
20016.583928 
4751.392498 
2106.786868 
4262.608882 
11048.339360 
28367.783537 
5308.668486 
13081.418731 
1557.612475 
4573.227449 
5933.745404 
1363.228777 
2613.274162 
896.420948 
12326.527642 
872.135581 
1800.004827 
10192.249182 
15166.493318 
105.547057 
5790.759572 
650.684382 
1490.195540 
2149.370480 
6276.573089 
673.996729 
402.884443 
5105.481339 
73.206126 
11257.352159 
1590.837234 
8806.358942 
5863.021086 
14795.134740 
8973.374168 
11677.737619 
922.471162 
5508.069206 
11093.245955 
298.636085 
1256.824690 
1146.074658 
8411.804474 
10569.546608 
8499.357598 
10208.793260 
8780.200224 
23859.204486 
4758.962603 
2318.073058 
2836.815871 
5102.839787 
5915.858595 
2567.365247 
5948.464431 
6615.310974 
1694.073109 
3040.396945 
18697.142698 
4449.230381 
9545.280532 
2474.241412 
1570.972519 
1244.270659 
14994.409563 
7811.949883 
10988.739688 
546.625354 
3911.976182 
489.733917 
20172.658610 
2783.938176 
272.493722 
2690.865920 
1807.950251 
7351.312549 
1386.331996 
6783.646761 
7584.648512 
16846.585124 
764.423235 
1907.566009 
974.688271 
537.125307 
603.845304 
255.873895 
10978.591469 
12706.064975 
3864.540589 
32599.267354 
1897.793054 
4406.361499 
3761.467917 
409.232724 
717.498757 
5921.002544 
8614.452745 
19801.505987 
2291.993894 
15341.817687 
2877.688094 
7158.014892 
799.317648 
11602.981894 
8135.507252 
6645.696260 
579.868477 
5895.982174 
553.950990 
20958.350185 
2029.700390 
7367.434987 
38543.205810 
2613.498277 
308.825400 
4790.793306 
2349.678353 
3665.372656 
7313.958145 
10555.658030 
2266.939740 
25263.451724 
11465.127974 
10645.688602 
3649.067310 
6437.738677 
1864.552012 
3028.828202 
1729.300374 
4167.991286 
7414.662034 
3891.637068 
2972.007387 
328.359880 
2166.831293 
611.199114 
1552.888818 
10816.426504 
4780.339371 
16252.122297 
22455.764011 
1271.997129 
597.378208 
11430.012242 
9207.880319 
759.074650 
660.683120 
12674.980068 
9219.782498 
2929.086247 
803.185395 
14724.075673 
1094.142980 
5629.570368 
7806.257285 
2003.312342 
1963.535112 
5112.392424 
17853.176280 
1325.887476 
4960.022522 
1604.726179 
3176.811861 
6549.884233 
3776.938000 
7279.829669 
159.200831 
14162.428894 
6762.593131 
16858.795441 
6272.018418 
210.329010 
8023.303243 
143.973434 
8100.715339 
20275.643745 
9375.823117 
963.450330 
530.794604 
1328.577805 
3280.792721 
13001.606816 
13027.576825 
7780.284297 
1365.621367 
5418.390359 
1880.450957 
9586.281973 
4634.565672 
10141.338677 
6441.279476 
7868.299989 
8847.745435 
2424.100645 
14988.105198 
3540.168926 
7744.990457 
1754.126478 
7209.847516 
6027.541862 
4655.409848 
5725.260024 
3669.820476 
8013.085380 
2463.677735 
320.022874 
3999.965082 
2710.471207 
593.299908 
5499.248832 
2015.724915 
133.108215 
682.044534 
926.438670 
8988.732116 
21642.130130 
1461.151021 
10870.878157 
4163.053470 
13982.727647 
6126.469336 
5040.823479 
4172.985332 
8285.005096 
2102.428201 
4153.592546 
7975.335658 
10612.801667 
196.798060 
2276.150650 
357.268016 
3745.329734 
20558.479130 
165.002596 
7371.957242 
888.828404 
25926.110161 
4988.374249 
5419.799375 
7525.339745 
5366.853398 
3918.883277 
12763.817127 
9537.656848 
13148.931486 
938.159667 
813.074940 
2740.427469 
4202.552115 
13795.206887 
5100.308411 
930.850856 
1102.078532 
4562.965522 
5292.631590 
1591.791818 
354.717516 
20526.099283 
599.169318 
1857.478332 
3528.378324 
7245.425322 
2427.337743 
10615.583124 
5549.743642 
3376.096034 
7724.537861 
2862.971970 
1233.448199 
5149.513048 
6901.190044 
2352.077480 
5510.221361 
4481.299110 
12368.765769 
805.130984 
15316.029220 
5711.529337 
1508.361611 
9344.234696 
17581.301826 
412.464252 
20366.675903 
1515.605756 
6702.992411 
12216.091942 
1848.350138 
826.957323 
26392.226555 
2203.703456 
675.366008 
1291.289377 
1296.898620 
2433.197159 
2360.591456 
6696.497714 
2602.833071 
7205.749514 
4469.830082 
5645.437591 
12708.232003 
16921.661512 
20807.611737 
2154.199746 
4831.553543 
11354.801707 
8106.403532 
4592.333171 
4102.730837 
2468.185363 
3023.457956 
1625.807289 
11424.650542 
1710.904933 
10241.508154 
12315.641461 
4049.101868 
3830.078474 
2589.103785 
176.518523 
3147.524810 
464.267468 
6303.972720 
779.198569 
16166.343609 
881.568529 
6780.939092 
2635.763259 
29564.863415 
19890.820976 
2904.151098 
1533.143452 
11159.064606 
1191.140332 
8080.520341 
591.081414 
1965.092603 
2597.619498 
879.046470 
10175.763583 
1256.751848 
1235.204272 
528.702930 
3389.691626 
17.889296 
8127.618136 
4375.976451 
2967.348404 
2075.563433 
242.499744 
5606.798448 
5255.295698 
6078.187306 
10550.004844 
163.557994 
2657.894646 
1139.925172 
10898.782255 
385.772486 
3419.170582 
1517.570635 
1554.945123 
1317.925292 
800.869765 
2506.010426 
346.900089 
2373.757932 
12022.514740 
1918.963355 
3677.907390 
316.905392 
12794.223829 
4327.721189 
9677.012715 
11795.035517 
2762.403464 
5714.575307 
163.812513 
5356.837894 
2627.698964 
692.338413 
3801.544668 
12960.753725 
13810.987054 
8032.469727 
94.881523 
2699.895984 
10820.671244 
14753.511612 
1867.166284 
5848.559216 
1637.278769 
19217.330590 
7569.594603 
2337.296673 
4902.370820 
1666.913351 
353.482042 
1505.433491 
935.850887 
2501.066313 
1244.507726 
5772.115241 
6799.794454 
7109.396115 
11494.751241 
411.248482 
10420.842735 
5970.487679 
10766.032899 
3044.975178 
1697.740763 
148.396968 
4411.292051 
11233.264246 
640.255349 
15260.556081 
9773.985081 
22167.815489 
2678.566619 
6205.331576 
7705.380662 
7687.208641 
4055.277384 
384.792001 
850.389335 
7326.257235 
8647.889972 
9322.873863 
1587.596223 
15599.306936 
2356.197983 
5981.311698 
8248.787699 
305.576516 
11613.356077 
3939.614875 
8264.715747 
20285.555539 
13922.363984 
2525.325482 
6150.054669 
717.681333 
5301.566696 
8055.195399 
10474.619375 
629.326400 
10457.979988 
8000.407102 
26251.119362 
4187.515119 
8879.828363 
9885.545213 
6258.363807 
5903.325744 
961.331061 
14157.696999 
3700.087204 
6107.714239 
4865.763979 
29521.119803 
4677.610163 
14624.573585 
6590.649200 
16144.331055 
566.803688 
6075.511484 
7029.468787 
4508.719412 
2024.652806 
2427.674260 
5227.858810 
6405.192395 
4613.824497 
5479.103676 
9071.632534 
6241.864762 
3944.579886 
4048.442977 
3963.875082 
83.543775 
2470.168634 
1922.911415 
181.889423 
15320.808165 
6242.632188 
26565.072256 
