122.758516 
48.082339 
250.177306 
202.470334 
121.464819 
52.923994 
300.716614 
232.178603 
156.493992 
330.943460 
4.118253 
174.633911 
423.142686 
120.525950 
123.311143 
72.356576 
156.683686 
42.325831 
111.867363 
255.070126 
251.627338 
25.670539 
239.165107 
165.119227 
195.233917 
3.361822 
83.381359 
28.541337 
271.522532 
226.526779 
246.815577 
108.308918 
315.271796 
260.951213 
189.053675 
213.051403 
78.531213 
52.906764 
5.460465 
363.728764 
3.601500 
50.864706 
384.295393 
150.828534 
54.886695 
137.271342 
144.213035 
46.219545 
133.674981 
38.581511 
30.659708 
176.226429 
38.613649 
52.958285 
225.967503 
18.158151 
44.076175 
5.851405 
102.636944 
221.784854 
161.527284 
128.455437 
38.027803 
46.348373 
0.887118 
145.874119 
199.648643 
344.930284 
88.030831 
339.187975 
168.612562 
63.932574 
5.798570 
3.454358 
500.112396 
25.809826 
253.553137 
268.626808 
639.234574 
6.281392 
125.626896 
210.232539 
2.347590 
283.875684 
254.074236 
16.115815 
12.742586 
255.388441 
221.102692 
120.150282 
392.150914 
204.015480 
411.296605 
4.171949 
66.991842 
229.531368 
52.839953 
10.214399 
17.176852 
52.681322 
104.678783 
0.525775 
76.408598 
33.156438 
125.540816 
13.349551 
174.059745 
237.763086 
143.641801 
78.517282 
49.320650 
22.013456 
90.557799 
196.187550 
307.620262 
247.790850 
163.653728 
72.482317 
195.064596 
10.306824 
1.629821 
59.232979 
76.126565 
31.376614 
18.722612 
33.502811 
110.939258 
7.082134 
40.386590 
10.823527 
138.869830 
213.292186 
374.747191 
250.781624 
164.582674 
38.962871 
122.057507 
62.489127 
196.784894 
84.473151 
206.063202 
34.932263 
545.886330 
36.313067 
85.248401 
80.458830 
36.810055 
23.634665 
91.563835 
70.084999 
120.482720 
110.945214 
53.895050 
30.630813 
22.905396 
21.144050 
206.104487 
3.232227 
589.733635 
67.859259 
119.548631 
35.646762 
39.132484 
43.237835 
288.322925 
37.981817 
10.962259 
185.303405 
20.168266 
513.440134 
39.412883 
99.234032 
79.263333 
20.507518 
107.904256 
212.775253 
88.782027 
119.880720 
71.866916 
122.012467 
316.283088 
17.192934 
132.722833 
183.662940 
22.012237 
54.777341 
104.690624 
66.688749 
170.324713 
143.970653 
105.487733 
87.918925 
70.032678 
513.519974 
13.909480 
149.763258 
0.220973 
108.589602 
63.216555 
170.679065 
229.538628 
19.090069 
15.398536 
162.368367 
32.250792 
5.806714 
127.334544 
24.462080 
131.832811 
17.409867 
3.078692 
164.777116 
104.011606 
42.219967 
27.960729 
155.820568 
45.534435 
431.830997 
73.634487 
186.192816 
117.044037 
412.621338 
294.746246 
55.221878 
165.180504 
187.199614 
107.824372 
159.460631 
118.377896 
89.954064 
269.641371 
6.735427 
136.731325 
49.399803 
170.850334 
53.839436 
213.760838 
10.328295 
55.820593 
15.433699 
78.198845 
20.376032 
118.264150 
493.518513 
54.581135 
2.809095 
56.270244 
122.123474 
87.935116 
2.923289 
145.816467 
57.097545 
186.611678 
210.110723 
86.134675 
60.878701 
164.032013 
17.383621 
31.730892 
438.183837 
66.565167 
112.647425 
114.373776 
2.491591 
12.914709 
149.326073 
77.169365 
89.968540 
223.118517 
42.368470 
125.282503 
227.133867 
20.660376 
70.757653 
239.359716 
6.981558 
213.408354 
42.135485 
253.344332 
198.367617 
19.220317 
134.781455 
94.500594 
8.640644 
304.330422 
234.230713 
9.545465 
421.805633 
3.921848 
33.223268 
43.702236 
12.072981 
50.549290 
21.903715 
201.182108 
109.045591 
411.268124 
120.967633 
74.995401 
306.001680 
89.134373 
27.998962 
73.839786 
125.588776 
83.521175 
187.170274 
266.994182 
46.220336 
131.793162 
316.624005 
4.260682 
36.055661 
147.479868 
142.688768 
125.990623 
77.583698 
4.701654 
190.950067 
291.174739 
4.455417 
150.772206 
222.192336 
28.890893 
155.289819 
0.199288 
19.039521 
46.116040 
5.838422 
169.018926 
2.347089 
112.270139 
27.195206 
357.361113 
60.010002 
41.900707 
315.211540 
78.446015 
121.908165 
30.435147 
164.284818 
68.181978 
83.165011 
192.538907 
430.230604 
434.898618 
98.713320 
1.420943 
86.426075 
221.881173 
205.182576 
130.095603 
38.830122 
209.305681 
25.266248 
25.433363 
265.890901 
91.178298 
304.038851 
3.885094 
216.620320 
97.496327 
178.207654 
264.662144 
170.875494 
106.061205 
71.904297 
233.898847 
84.255324 
46.643467 
145.094493 
357.812143 
103.355787 
133.736862 
167.528348 
9.483069 
277.348167 
9.241029 
101.780773 
74.436123 
12.432911 
114.254773 
102.045423 
2.490162 
96.600210 
116.979397 
176.274118 
4.328328 
195.134498 
73.122883 
161.778930 
170.468241 
163.079754 
134.796589 
136.536912 
181.729379 
23.525789 
238.468874 
98.392094 
56.857882 
119.321808 
555.118410 
174.298897 
226.122149 
94.126944 
38.333272 
232.824102 
215.420529 
177.148053 
12.330893 
151.058764 
215.132455 
15.200410 
48.002326 
371.380371 
124.989319 
141.346449 
44.612256 
65.678327 
7.595284 
83.753223 
234.242846 
10.045337 
474.803040 
32.860013 
15.575932 
19.876685 
129.022938 
121.774348 
177.015745 
177.446561 
250.797262 
533.861377 
25.176319 
195.593490 
32.175289 
136.263996 
165.149468 
77.695551 
162.206840 
33.982758 
107.427842 
56.466621 
173.177520 
90.794853 
102.828714 
58.498237 
14.055167 
111.944537 
25.635899 
236.305434 
298.625623 
87.859693 
8.539513 
142.357528 
13.846326 
424.833589 
78.923734 
306.948275 
42.029563 
169.590528 
145.556176 
158.025533 
154.464853 
157.263887 
135.977498 
53.844861 
2.140409 
273.033094 
98.429752 
3.108994 
116.928234 
116.900994 
333.555862 
308.298681 
190.635788 
41.260212 
3.820079 
33.874665 
7.217813 
75.397816 
174.437103 
20.543027 
527.292501 
11.445149 
39.472625 
122.163683 
47.903460 
59.481266 
28.526405 
37.632505 
340.137497 
34.416893 
207.599542 
359.828637 
39.659892 
38.270727 
129.689805 
16.070688 
244.118348 
124.017063 
13.220287 
138.140276 
76.612201 
163.598436 
168.177116 
79.014760 
258.819111 
75.458916 
84.308913 
206.887822 
196.093364 
13.595444 
173.362979 
147.822921 
392.397943 
287.069556 
79.856058 
62.730508 
277.319345 
25.906842 
41.997797 
25.475924 
78.830688 
9.591845 
293.687453 
225.604209 
287.154510 
408.730762 
120.265565 
222.479127 
323.804365 
103.196538 
209.406795 
212.313386 
68.953312 
53.482578 
126.524362 
90.061900 
63.870861 
192.197258 
208.608606 
211.279510 
24.149449 
136.279973 
285.643039 
180.923660 
301.845083 
80.545193 
12.545991 
211.063093 
204.964361 
88.716653 
5.477015 
193.231117 
359.991234 
99.021822 
38.719922 
244.770575 
291.125876 
70.194536 
122.598550 
319.092875 
93.869123 
87.323273 
92.573400 
203.187629 
79.613046 
65.869406 
35.433092 
124.997574 
12.825678 
16.831719 
281.613440 
21.367200 
199.632148 
16.684814 
137.380627 
13.677635 
37.049668 
43.012408 
162.009147 
134.604126 
157.078208 
155.064981 
185.361391 
1.634662 
281.878777 
54.849133 
376.330113 
45.236667 
47.307533 
321.389112 
261.918520 
321.473838 
145.038527 
122.922574 
134.158143 
3.857759 
52.370191 
20.155944 
37.483413 
312.974083 
246.947205 
48.719608 
247.701323 
126.309829 
313.320125 
96.313587 
21.519015 
250.077832 
167.043595 
111.543382 
387.147298 
200.503175 
128.357725 
4.659756 
30.847111 
233.874300 
8.359746 
9.236534 
341.530219 
421.999550 
373.245163 
21.089779 
129.236003 
48.876718 
25.369482 
15.980943 
2.658385 
20.622250 
30.224889 
77.246200 
33.844580 
87.667143 
108.583099 
286.636465 
12.029393 
44.411328 
192.702060 
109.307221 
139.540804 
154.767688 
88.208510 
42.903902 
162.797675 
232.670730 
89.385069 
430.921734 
25.775933 
138.575014 
55.441029 
93.539955 
35.262356 
48.729210 
133.985986 
119.802560 
33.499511 
108.773430 
162.301117 
170.093813 
228.862889 
15.247277 
256.298031 
3.596093 
578.054909 
93.904603 
88.626657 
90.656290 
462.209028 
34.598206 
190.734770 
106.265291 
55.554550 
46.408963 
45.435426 
37.964380 
197.614120 
50.479587 
139.241523 
301.520577 
62.641814 
73.925233 
128.075433 
199.705117 
207.243344 
135.054354 
98.269794 
29.118813 
30.881928 
125.797342 
102.765048 
97.699913 
79.404058 
134.384217 
14.796089 
131.104127 
92.474380 
17.344451 
358.921952 
75.239194 
195.510826 
205.759233 
910.601991 
233.147963 
70.980126 
101.117614 
94.200622 
258.968499 
232.797045 
35.939889 
300.078439 
106.322375 
109.141613 
27.735277 
24.364942 
40.789522 
284.127163 
158.209861 
74.162475 
126.949378 
303.598220 
149.906540 
130.847219 
67.035118 
103.070547 
143.417901 
213.570262 
12.132603 
89.108656 
104.816829 
74.586634 
29.846634 
365.874973 
43.027262 
57.773537 
8.906288 
87.998855 
85.398749 
29.489468 
73.905786 
6.283335 
191.605730 
222.772316 
229.292759 
90.362721 
181.523960 
53.555417 
68.170430 
58.646989 
190.379655 
17.210352 
161.567045 
18.257878 
123.171668 
77.915976 
83.626550 
138.344584 
129.750530 
220.883419 
196.499060 
4.572923 
68.128845 
27.402683 
48.115556 
24.595091 
16.613771 
196.509455 
21.946370 
111.909470 
85.152364 
279.576384 
47.090819 
174.962513 
62.002820 
109.449484 
86.177310 
163.418638 
61.685828 
186.674046 
46.472561 
13.653600 
687.292196 
108.830998 
45.611212 
179.348021 
161.660510 
32.025241 
257.142387 
37.383855 
83.338536 
36.754256 
3.317617 
98.966397 
83.410246 
170.060331 
490.592354 
51.408526 
88.181151 
472.290369 
313.049144 
156.731569 
247.717463 
421.323176 
244.626975 
26.621204 
82.545136 
14.585887 
60.537060 
78.576264 
10.680360 
118.499514 
121.662726 
31.821813 
84.284847 
118.963885 
188.984704 
213.105259 
228.276199 
7.003186 
38.198759 
305.109585 
253.166073 
146.284771 
125.741533 
313.503914 
26.809754 
101.914179 
7.003569 
42.379104 
82.296867 
23.261104 
274.184027 
143.632356 
758.264583 
25.649472 
21.950383 
340.260071 
24.915651 
270.185468 
29.387780 
145.225664 
175.156472 
70.491925 
54.825377 
151.315943 
118.193895 
89.754382 
36.566085 
17.542621 
36.068134 
134.345331 
384.029979 
62.685878 
41.458153 
27.906301 
257.110414 
294.690077 
150.353802 
145.761849 
248.014342 
147.117176 
106.282656 
30.969723 
6.085901 
291.260269 
256.962402 
25.627726 
56.778784 
29.001646 
225.602006 
431.051215 
33.959077 
49.032468 
7.795812 
15.104195 
119.280391 
497.664882 
71.300189 
96.542804 
168.764677 
37.288016 
245.473121 
226.745817 
87.535637 
135.125257 
39.985073 
32.179129 
17.134054 
20.264253 
41.564842 
14.271294 
30.269130 
280.431776 
15.234353 
74.233221 
257.983623 
31.966786 
158.841275 
147.756976 
457.047705 
87.088415 
103.428874 
77.524061 
1.170420 
131.436428 
232.967946 
0.942341 
5.222164 
3.208087 
302.264966 
7.338632 
47.739564 
496.535367 
310.167938 
486.763303 
79.314570 
37.654557 
186.839474 
28.669567 
101.573616 
271.657972 
57.137868 
0.748180 
116.994101 
41.519508 
34.975350 
108.765726 
22.765424 
51.444513 
380.783811 
7.314702 
26.868414 
14.313578 
130.277756 
167.290218 
347.340824 
92.326093 
139.519005 
140.459984 
101.927022 
187.499564 
210.029268 
170.337433 
26.391183 
6.256110 
50.839260 
237.366642 
13.954095 
334.150227 
54.081138 
307.621777 
94.146134 
214.355051 
290.558005 
293.187469 
215.559692 
103.113215 
97.760221 
185.707847 
2.411918 
72.881383 
129.088521 
322.073689 
68.345295 
237.554006 
106.069535 
686.421983 
150.338774 
153.417696 
26.763455 
107.393966 
19.846701 
20.950793 
139.469079 
173.958405 
40.967564 
95.106365 
186.165114 
437.807240 
88.284052 
233.824340 
105.037483 
3.571576 
88.432370 
145.705553 
83.011832 
207.907761 
17.374093 
33.353350 
223.032758 
389.281905 
246.285474 
236.825602 
54.865742 
112.841738 
43.032414 
75.074878 
153.901910 
16.592824 
209.143999 
