50.231772 
66.938667 
149.732869 
84.848255 
155.950585 
21.084295 
134.024777 
83.143606 
116.093251 
160.486744 
194.558506 
132.111525 
148.600410 
17.188651 
77.287060 
12.828499 
144.656299 
90.922268 
116.679684 
116.929537 
101.510232 
39.214418 
176.557944 
221.738741 
569.223696 
455.678742 
71.744028 
52.980868 
41.168387 
262.507567 
41.800199 
92.561487 
73.074691 
266.128620 
80.485690 
80.913934 
70.443861 
249.441345 
41.216107 
40.327680 
240.127888 
54.457076 
45.688723 
99.735831 
123.543335 
45.162386 
187.088751 
144.533382 
19.000041 
62.777068 
271.249211 
175.799635 
317.860873 
359.210127 
102.135178 
20.974616 
137.019673 
67.760812 
48.092726 
246.474521 
266.176422 
199.834359 
81.343650 
15.915722 
473.514672 
97.094763 
155.340738 
66.916212 
68.015191 
215.926639 
46.330394 
160.833219 
314.368183 
51.839959 
87.729396 
126.299451 
115.613120 
51.991781 
251.524397 
0.670652 
61.570767 
92.321325 
166.159606 
389.761115 
109.411957 
95.945929 
16.216410 
15.758603 
196.986948 
52.150027 
228.334211 
75.232736 
191.438404 
112.352378 
35.941250 
64.558585 
101.756285 
12.653038 
348.422370 
133.518294 
74.032708 
375.026649 
56.960847 
50.750885 
32.465746 
94.623728 
2.421456 
44.649887 
15.174628 
91.013245 
4.053247 
114.746575 
188.758110 
110.415818 
128.342494 
430.113863 
20.187224 
50.164956 
145.354918 
129.297733 
64.946724 
166.535068 
82.142163 
13.818977 
1.058743 
288.448886 
5.267654 
238.249860 
456.598929 
32.416621 
115.667404 
167.255269 
11.936809 
25.401650 
169.035310 
3.216962 
103.846171 
26.313078 
76.822380 
127.219413 
8.412390 
281.376072 
72.235008 
202.238570 
308.819506 
8.621458 
116.068438 
39.090285 
195.137559 
41.153252 
287.674371 
217.198574 
74.697849 
429.339930 
18.074878 
71.597270 
43.635637 
202.120839 
87.140811 
187.978896 
449.520409 
87.311697 
309.686437 
367.771368 
133.666957 
212.676099 
135.607808 
20.405157 
81.531616 
216.191354 
69.133010 
539.923570 
82.570271 
275.956607 
2.025129 
32.655015 
127.115128 
5.525475 
92.974020 
112.836713 
57.914277 
16.628663 
259.551241 
57.286990 
75.246358 
328.589667 
50.827065 
79.564690 
738.262074 
68.538859 
6.693235 
79.208350 
10.944540 
126.749608 
35.958648 
102.039757 
116.845436 
80.530698 
110.453217 
279.647490 
195.701089 
321.095883 
56.247053 
32.665687 
133.454432 
238.458277 
35.322627 
211.356618 
41.710808 
271.838969 
51.283579 
24.988829 
46.952279 
141.113040 
215.150411 
108.702153 
42.178414 
162.204131 
272.100508 
92.027891 
82.774456 
57.982208 
82.312714 
339.747468 
0.450481 
129.095119 
38.536636 
93.349463 
241.008085 
6.774155 
229.478203 
369.708630 
33.134572 
216.821871 
23.183228 
62.506528 
315.505404 
34.968137 
634.402083 
187.944099 
167.861484 
147.727099 
3.025967 
275.686874 
102.097222 
116.017900 
83.267047 
45.379643 
121.547532 
76.035888 
67.309557 
9.334482 
167.835864 
184.756640 
131.643271 
89.670693 
178.192772 
1.125733 
205.630717 
8.715789 
379.803241 
74.186801 
66.087368 
37.365035 
125.212022 
18.588107 
5.493069 
114.431477 
85.330352 
111.401752 
111.203988 
413.827908 
311.188681 
65.531528 
80.169045 
154.068323 
63.754368 
11.991169 
124.467184 
195.516522 
5.829722 
43.851258 
153.454027 
160.839481 
60.336111 
125.379167 
85.462544 
19.024489 
205.687714 
19.601036 
320.550836 
37.917247 
181.529534 
49.096416 
206.178133 
75.922969 
21.050320 
62.167518 
354.210534 
126.774006 
37.724431 
236.052267 
225.257216 
21.406654 
36.411660 
76.890881 
60.994196 
19.359240 
191.985606 
336.494069 
18.547451 
96.993603 
389.705659 
50.255940 
149.684317 
96.158555 
30.973737 
141.120870 
186.206538 
0.484935 
56.949418 
3.266152 
27.619734 
167.052949 
348.972634 
42.697291 
65.366866 
27.459677 
1.235933 
198.197783 
64.897866 
196.516621 
412.965965 
125.901464 
207.437476 
5.277573 
91.268595 
315.455897 
21.729566 
31.609353 
72.488324 
16.193361 
20.337081 
25.363838 
165.278779 
12.478395 
48.000477 
13.272870 
83.442808 
51.431756 
20.350325 
393.465181 
126.139969 
161.376304 
171.289990 
65.638009 
245.221252 
6.932166 
122.988370 
68.576683 
173.181694 
20.982639 
112.509575 
1.828833 
83.401774 
78.038347 
28.911124 
305.955055 
96.211460 
11.591200 
189.167105 
182.451156 
216.202933 
14.019047 
32.228498 
153.157514 
126.032785 
61.797072 
381.658231 
31.005359 
20.399977 
114.566608 
232.714898 
84.183268 
124.591132 
108.053040 
11.922095 
292.937419 
145.379306 
126.986218 
139.828754 
108.297885 
238.792661 
196.153791 
278.040581 
39.307225 
125.199149 
63.221967 
56.663254 
36.832294 
427.352094 
53.127993 
151.759706 
68.111908 
293.990564 
98.185082 
264.434858 
133.271920 
73.743086 
27.469578 
23.717099 
47.423395 
66.239071 
25.956202 
25.592322 
15.910566 
41.057526 
28.238807 
114.328962 
185.755967 
51.854806 
224.267445 
76.556635 
21.325486 
24.919133 
306.319602 
31.006385 
302.032652 
72.367664 
176.576954 
2.758158 
24.992475 
25.396085 
313.966204 
407.479658 
188.591978 
97.666991 
141.165483 
200.849926 
86.408577 
102.140775 
124.575693 
64.725129 
24.658989 
0.143483 
43.088507 
196.371972 
43.787018 
153.955220 
104.550742 
193.110105 
93.974100 
277.349343 
6.875907 
154.217028 
114.964356 
88.805917 
13.233736 
61.401572 
33.265561 
484.512311 
19.997317 
16.540538 
33.929913 
4.825801 
264.877543 
69.311222 
159.004235 
38.063464 
290.248390 
155.399767 
242.121118 
62.431593 
30.595091 
74.837049 
101.413048 
104.694921 
240.468810 
327.766138 
79.609002 
464.207255 
17.827642 
43.125972 
270.512444 
57.384111 
169.838411 
336.833933 
21.995489 
8.922453 
384.563537 
177.312745 
88.507158 
23.079505 
4.355775 
85.908167 
184.595518 
88.525651 
125.652597 
25.163414 
63.494586 
66.816103 
15.022554 
132.192192 
316.782582 
6.863643 
108.842067 
164.535100 
139.437996 
78.121004 
42.068377 
74.707277 
119.234508 
73.728205 
291.200030 
10.957703 
210.387782 
69.302067 
22.208066 
228.039391 
119.992574 
127.937379 
45.539073 
97.340097 
155.983238 
168.150281 
62.778243 
10.540498 
95.559348 
48.825098 
74.373689 
124.214455 
38.387335 
42.288780 
131.848917 
93.327923 
212.328051 
276.583998 
27.567979 
106.627373 
98.790208 
171.748949 
365.940553 
21.899634 
56.679413 
12.376945 
280.917442 
30.954014 
33.585223 
7.473197 
207.830667 
19.554984 
145.221020 
73.968991 
179.144346 
304.974437 
418.562562 
201.677555 
33.680872 
576.307895 
37.076471 
117.230785 
141.537689 
145.813493 
100.340423 
95.809554 
136.702740 
240.081026 
173.601015 
192.577042 
463.090286 
125.493580 
79.066832 
79.698211 
32.435442 
90.289057 
28.941903 
131.792979 
209.897541 
134.081062 
55.791809 
159.986436 
63.877590 
100.704718 
292.874248 
285.614462 
99.618540 
164.246551 
18.206038 
74.077176 
52.272445 
77.665553 
25.371555 
37.769796 
56.167210 
89.497841 
17.704568 
333.764283 
158.439714 
74.877636 
317.420236 
46.816344 
19.595791 
75.835827 
19.057031 
145.730228 
8.043945 
74.420379 
202.750758 
95.553815 
43.174323 
132.662535 
62.386270 
43.578400 
77.460466 
274.107897 
65.112769 
123.724115 
71.284522 
124.342544 
677.937321 
344.324727 
36.589242 
547.209051 
19.242984 
229.324456 
117.288458 
171.784302 
326.422512 
15.423804 
195.937914 
84.200203 
38.969214 
24.367274 
191.802045 
360.995733 
39.914984 
89.916212 
230.135021 
65.992611 
36.334463 
46.954987 
64.303724 
0.530031 
247.199228 
4.602250 
111.846719 
262.627699 
66.765008 
14.292928 
18.450431 
100.991750 
75.668410 
103.100964 
74.785405 
26.052347 
85.054649 
125.542708 
29.705912 
26.053187 
194.098880 
68.365264 
29.514823 
120.660239 
279.663720 
52.053267 
19.702196 
324.356285 
18.049025 
60.315628 
283.931550 
20.714180 
46.210628 
139.442804 
88.373281 
24.734383 
123.477250 
69.021269 
240.001477 
43.370149 
132.022552 
25.614456 
2.647992 
62.792224 
168.432852 
91.146493 
461.019990 
96.063694 
358.497185 
109.590965 
63.964642 
42.216387 
70.606423 
20.580083 
134.319832 
100.985889 
65.402849 
230.215400 
45.478613 
287.100553 
17.210034 
174.099433 
312.526496 
146.776388 
244.026234 
81.056885 
95.343482 
11.593563 
173.410907 
40.079106 
139.655634 
3.905387 
167.274075 
110.590776 
308.958002 
111.268389 
132.166557 
17.421954 
569.337839 
26.378474 
34.021070 
88.419044 
81.696303 
514.663776 
191.276420 
48.797616 
14.576461 
8.272597 
565.572371 
87.734055 
50.968662 
56.991956 
300.102929 
61.411294 
16.895899 
63.017098 
143.952661 
20.872219 
191.849513 
39.321925 
36.675559 
60.643573 
17.585549 
64.094956 
16.362640 
12.079411 
20.490670 
227.827994 
223.111775 
58.762600 
118.853300 
69.315642 
160.890817 
12.683857 
208.305232 
114.724473 
80.588327 
44.059316 
28.076472 
194.176844 
81.367856 
116.289149 
327.536215 
340.121944 
53.835197 
168.979113 
20.683345 
36.188083 
73.480362 
130.944322 
228.973053 
150.022889 
150.649340 
48.590826 
6.292898 
223.278574 
186.836542 
26.957271 
137.074807 
95.659061 
498.663095 
22.605188 
185.637623 
73.918950 
12.501949 
40.370069 
46.520777 
139.556350 
140.195611 
128.499211 
21.692252 
13.438349 
5.448646 
212.218997 
76.143467 
253.636603 
238.756592 
294.112506 
49.197196 
192.419859 
83.559288 
23.053434 
40.989385 
129.164723 
202.393957 
176.783832 
26.872896 
200.621261 
54.858557 
312.704992 
127.834209 
239.670976 
399.074217 
273.973476 
38.098593 
118.207775 
231.179473 
314.461730 
50.566287 
74.934608 
29.060238 
5.978254 
1.204722 
420.654191 
217.843648 
317.221451 
61.456691 
22.864966 
186.801665 
80.239556 
148.148100 
279.957741 
1.284726 
44.421676 
42.609841 
215.263559 
359.216057 
317.720858 
218.413681 
62.018381 
269.748524 
35.381421 
9.338584 
102.588986 
83.586891 
0.401324 
272.978124 
140.505684 
15.943483 
178.723994 
118.577920 
171.164368 
21.107347 
35.313537 
56.845101 
12.075291 
37.284990 
122.078702 
304.798356 
301.674730 
22.010433 
12.281881 
354.379458 
20.993900 
285.598743 
15.715288 
71.129430 
106.570054 
38.184831 
26.195733 
467.086951 
68.954244 
147.271101 
129.635807 
13.060047 
15.590123 
241.761064 
215.534399 
27.494837 
322.114983 
53.568802 
86.363480 
141.790258 
20.887105 
66.306772 
22.608414 
61.002287 
111.358781 
30.036296 
63.425634 
235.160518 
200.391444 
6.802778 
115.716948 
260.470861 
27.299317 
368.988763 
60.413790 
30.907824 
34.612893 
24.545470 
32.227888 
31.145584 
103.055908 
158.427119 
178.772904 
350.177496 
103.990582 
591.845565 
49.600956 
179.690438 
112.587363 
290.068836 
106.945206 
11.562680 
34.500724 
325.498345 
22.061566 
143.748393 
13.580474 
62.266424 
126.969787 
320.476584 
114.991973 
228.351840 
601.535677 
282.058534 
154.646335 
34.008210 
203.231652 
192.533279 
188.002988 
397.231890 
64.567279 
68.362591 
122.872781 
331.884452 
6.641690 
33.884256 
43.468666 
80.075149 
139.548554 
145.473355 
87.979973 
46.536534 
213.481461 
202.738657 
114.335525 
79.504159 
115.344871 
26.315838 
61.974320 
455.163991 
82.420363 
367.302877 
129.945203 
90.507854 
75.376464 
47.516620 
18.145347 
71.863347 
234.936526 
154.715838 
30.255624 
111.712093 
34.676783 
92.897140 
62.533875 
241.598491 
150.407840 
129.028686 
162.315316 
231.642572 
49.590622 
85.738024 
248.934821 
187.990660 
188.117226 
65.455095 
53.764706 
139.488856 
92.052491 
296.146608 
19.289693 
132.371250 
12.612696 
45.132821 
15.379606 
165.151099 
238.382654 
417.608599 
13.327137 
17.387489 
225.401501 
118.898546 
82.773395 
139.121153 
7.421010 
36.850516 
409.829282 
20.039398 
