35.817030 
21.221447 
184.150871 
129.503519 
224.325700 
80.397789 
27.378427 
231.166953 
23.906621 
107.909217 
176.561700 
98.042410 
4.690228 
233.340737 
85.163472 
128.138630 
99.231847 
36.262997 
134.110095 
126.600958 
228.302249 
170.708526 
294.598004 
108.081602 
132.694771 
368.742446 
201.493303 
133.211656 
4.756432 
53.465044 
198.094603 
185.001138 
76.380118 
131.456927 
38.910361 
131.114755 
32.542550 
91.038756 
182.126896 
169.758777 
132.685615 
193.476901 
53.414160 
40.103315 
20.902912 
300.751886 
144.318913 
200.548271 
52.001792 
117.350004 
95.542313 
28.192063 
507.533344 
6.251950 
15.781407 
288.963388 
81.328904 
226.175303 
96.366570 
149.447252 
23.076122 
107.327591 
44.191437 
139.841569 
82.807897 
240.714602 
88.040371 
73.424225 
215.709422 
36.324660 
225.654664 
83.656476 
349.554485 
12.264946 
48.441548 
3.231927 
157.380888 
180.074519 
265.167325 
273.486912 
70.423640 
249.858177 
246.913127 
130.873204 
23.211468 
81.411247 
3.208284 
174.300561 
44.064044 
212.050746 
61.155764 
555.980590 
102.195816 
27.991252 
106.380719 
27.303074 
249.194138 
440.382158 
690.144491 
61.582023 
22.225399 
296.898378 
91.205872 
4.899144 
58.251825 
88.220384 
7.328454 
162.725948 
28.247397 
46.428360 
48.433127 
126.496554 
58.303971 
74.957489 
45.252763 
116.973523 
339.994237 
108.203814 
88.126245 
22.704432 
86.793672 
97.374795 
50.279683 
340.673997 
169.041416 
255.823475 
63.376068 
16.073159 
114.620625 
137.542329 
23.897092 
57.339261 
71.986718 
111.324010 
50.922549 
221.842582 
161.780025 
84.897222 
36.605031 
231.962873 
34.127202 
207.601275 
7.998055 
0.495999 
223.957163 
176.922000 
46.686670 
180.560850 
103.844329 
332.826136 
17.011777 
51.429432 
13.306027 
45.976413 
158.680249 
119.945826 
275.073160 
120.656445 
267.421987 
122.428235 
32.255836 
5.785904 
34.592327 
90.101818 
76.734315 
18.741109 
215.548848 
21.248915 
90.110084 
79.515437 
360.317842 
153.780173 
30.587520 
28.862894 
430.172227 
86.916308 
239.002117 
118.909621 
110.554746 
223.319089 
51.380124 
14.615088 
206.405412 
33.081706 
35.484499 
92.045362 
249.947016 
42.576862 
101.772332 
352.802237 
18.038743 
194.900404 
117.163580 
65.646096 
3.055265 
131.470316 
76.742661 
122.055114 
183.555299 
209.137807 
48.436092 
166.318974 
25.880887 
325.185498 
62.579741 
31.849541 
25.611163 
13.124299 
42.128322 
18.310078 
39.390605 
98.010323 
59.091055 
245.510508 
79.678321 
216.859938 
256.621689 
773.515162 
82.067848 
66.485648 
88.584332 
67.705198 
348.180007 
232.545509 
348.390368 
54.519100 
14.478075 
10.496372 
185.136656 
331.337515 
105.592421 
29.339708 
42.459655 
61.975644 
57.743609 
121.714955 
223.232549 
33.679489 
195.765974 
73.522229 
56.240775 
385.911225 
246.005252 
29.822262 
202.194269 
148.885358 
78.372217 
12.489484 
102.437554 
50.326909 
98.526263 
238.572083 
29.416317 
39.970211 
22.932089 
143.179482 
211.715690 
94.777223 
5.108596 
12.701126 
144.769623 
151.655632 
48.857186 
191.121383 
168.616634 
156.129153 
204.762245 
104.765898 
136.824223 
132.268151 
36.864577 
123.519236 
123.346885 
160.105280 
19.599998 
73.464407 
115.423012 
300.524452 
103.688904 
289.012660 
120.324851 
519.094871 
6.436310 
123.709266 
96.680264 
1.739143 
186.304661 
290.474996 
65.064138 
577.257931 
20.652992 
125.596625 
2.988206 
98.414418 
123.521209 
320.179815 
20.967740 
36.547460 
3.986390 
47.890353 
132.477267 
67.757213 
31.437111 
17.441465 
35.864008 
171.723650 
19.675416 
41.196209 
150.162635 
12.343977 
105.110364 
44.539174 
10.423934 
41.208590 
23.730912 
312.005276 
194.730160 
79.385040 
124.601341 
133.874826 
595.520377 
71.837549 
37.185026 
228.046499 
80.077537 
276.395797 
14.122811 
178.796517 
89.836525 
71.403151 
72.504482 
6.250634 
29.245684 
127.405372 
58.832248 
14.829181 
10.729757 
30.459357 
52.078506 
101.459318 
152.452759 
141.425755 
65.607821 
6.705807 
354.340439 
102.736337 
439.567978 
282.868060 
61.474158 
113.907391 
187.085873 
97.636301 
137.886244 
61.793227 
115.649811 
222.096860 
39.259429 
107.780179 
170.835912 
163.839671 
58.111977 
92.271380 
39.921873 
106.477292 
437.967761 
553.908889 
3.544423 
345.380099 
225.573492 
170.234141 
2.876342 
78.855714 
22.962303 
52.954180 
42.270884 
34.251248 
40.867092 
22.286590 
164.461217 
15.663762 
189.262433 
38.901773 
44.446222 
66.950682 
326.918533 
84.343107 
36.548476 
199.443753 
51.737413 
287.740176 
42.767453 
95.312020 
29.806929 
5.605299 
50.791676 
332.230219 
21.834078 
230.812246 
8.085846 
76.613949 
76.842489 
40.456367 
251.296133 
125.158220 
158.274050 
167.170587 
20.311582 
59.164600 
68.573271 
1.383419 
27.196102 
12.601827 
54.829538 
42.932636 
112.516882 
2.954182 
206.974760 
44.678390 
86.826899 
31.361798 
2.514674 
15.584478 
26.061144 
61.083311 
92.786349 
118.311397 
55.378921 
39.681324 
91.706177 
73.211155 
74.887285 
331.036763 
49.639089 
238.520535 
28.422448 
45.008019 
88.788255 
77.146159 
7.520160 
224.079943 
24.082789 
49.336541 
49.930271 
176.438272 
436.978793 
290.815218 
94.225228 
134.011919 
195.134055 
13.986453 
44.960802 
40.815614 
192.955360 
95.799950 
101.345648 
119.915930 
151.799932 
71.865250 
286.738521 
42.431409 
96.051224 
40.941428 
68.030234 
293.808623 
244.588221 
23.807237 
22.208392 
137.046201 
16.067913 
67.224069 
32.406832 
112.172360 
23.442645 
20.995480 
174.712421 
314.835176 
589.912948 
43.294336 
210.643038 
149.713810 
111.875219 
7.656830 
247.690893 
7.554370 
165.419025 
135.312698 
320.640938 
141.780016 
922.726379 
13.383759 
132.074702 
8.847043 
70.617482 
64.402700 
5.080648 
223.448959 
82.448120 
76.872854 
21.687803 
36.249994 
90.530389 
72.419687 
87.347347 
10.700616 
3.878337 
116.682393 
280.043339 
197.681947 
227.395242 
6.010236 
76.686139 
76.264222 
43.570658 
28.975800 
170.770259 
99.006023 
297.051282 
53.457185 
196.873562 
90.725165 
87.870516 
192.917439 
32.302358 
104.913035 
102.721911 
132.311647 
62.432824 
139.619882 
145.516025 
97.167878 
93.798733 
118.381674 
193.328873 
315.624624 
0.236862 
20.886879 
102.504185 
47.857685 
187.765264 
476.093901 
71.377329 
647.223407 
170.705626 
200.895187 
82.315224 
128.491345 
122.091728 
23.253104 
195.755099 
257.906719 
192.874219 
48.925974 
120.446580 
85.376504 
173.652321 
234.385896 
53.347231 
89.032266 
28.488269 
28.791801 
87.762841 
46.362217 
71.192556 
274.624259 
254.928171 
225.747967 
27.261949 
36.767559 
53.613921 
162.528525 
43.081047 
85.325846 
98.314544 
124.184504 
73.902992 
125.899520 
25.888267 
195.996431 
16.768746 
96.569272 
123.799625 
27.501878 
143.232290 
93.911685 
174.319884 
86.607131 
207.036858 
112.834302 
123.918761 
389.010830 
74.482150 
84.430922 
68.203309 
65.448150 
178.529408 
349.953285 
21.722282 
164.169671 
137.363828 
15.648114 
129.922157 
259.809245 
33.424604 
167.125735 
154.966530 
104.211463 
54.481489 
237.434835 
128.208049 
601.415795 
216.575977 
37.484840 
78.755497 
95.788801 
53.707961 
5.238615 
165.783422 
10.045614 
114.770596 
60.343623 
131.109842 
305.074330 
25.139172 
506.344606 
107.762548 
0.290778 
112.702866 
24.377936 
36.809550 
33.895553 
42.725691 
97.303093 
154.302985 
94.118535 
90.425275 
170.158281 
101.025955 
174.971348 
126.183380 
321.126865 
305.073333 
104.741699 
166.033728 
25.109112 
191.569021 
5.017034 
1.635007 
38.326703 
125.894003 
54.926334 
239.535285 
181.579187 
90.408827 
4.754080 
37.681074 
91.971339 
159.605763 
18.059014 
108.414807 
11.790222 
36.151042 
181.484928 
8.490618 
234.065473 
43.639459 
11.670007 
86.351669 
131.362359 
28.145910 
100.498009 
198.930890 
20.910987 
97.558984 
32.735233 
36.072722 
36.018116 
0.343546 
26.889927 
104.444210 
100.730961 
254.783512 
80.256423 
230.114243 
71.013913 
175.561677 
142.665731 
55.820778 
247.620297 
87.293792 
482.940146 
382.854350 
277.244881 
39.905055 
522.614346 
422.230071 
45.734503 
198.745683 
200.245891 
502.362965 
133.216546 
224.856679 
14.239911 
146.248514 
176.156762 
304.675504 
205.897533 
105.609267 
73.697894 
91.157341 
22.364475 
39.135691 
308.929185 
216.073310 
223.786161 
160.926951 
29.931729 
161.484435 
27.420751 
5.058274 
213.615564 
20.782763 
36.312547 
16.473897 
41.932475 
201.213229 
184.432639 
146.269317 
29.836182 
73.428481 
29.148330 
11.524234 
11.625755 
293.273290 
16.725065 
39.199375 
134.365703 
175.942458 
183.818687 
49.107941 
24.886970 
69.688712 
106.330410 
385.253529 
182.828915 
198.010797 
280.321965 
31.610026 
609.596366 
229.576673 
28.752330 
150.391108 
367.892987 
181.117644 
53.551676 
16.057674 
45.888140 
48.758261 
32.470743 
76.199030 
218.689878 
384.445549 
31.352716 
23.422976 
81.095873 
107.174786 
534.612463 
41.903873 
90.442672 
459.021551 
91.874522 
15.641462 
5.160686 
101.590283 
109.246623 
120.394656 
78.094282 
31.109090 
136.021509 
190.377972 
138.359451 
90.671750 
85.274220 
2.611894 
108.730899 
44.512132 
224.679795 
1.531705 
182.845582 
18.949429 
129.811929 
34.389862 
93.543368 
68.661849 
152.139625 
99.430084 
356.312839 
66.796902 
71.929979 
152.437351 
45.833630 
26.894291 
22.236779 
281.594586 
94.989448 
198.206776 
127.727338 
205.916864 
528.693072 
68.667927 
35.139048 
196.248202 
67.312224 
5.035111 
129.172011 
128.238687 
146.333871 
321.937889 
348.268566 
24.037651 
41.546558 
207.976049 
158.413921 
7.240451 
325.186926 
86.560943 
8.674513 
178.736885 
268.552104 
51.267141 
80.287988 
31.296521 
126.678736 
136.372402 
110.305836 
76.694216 
42.251176 
150.029670 
30.528838 
53.792602 
48.839861 
33.349878 
21.492649 
0.299589 
285.917171 
123.576919 
32.049223 
56.110789 
121.682400 
47.750401 
149.455760 
91.095921 
291.098428 
457.065960 
83.166467 
549.809570 
34.051651 
135.563988 
395.479997 
704.692502 
346.471489 
132.610728 
137.859407 
622.961201 
420.116823 
40.465842 
144.688671 
53.096109 
295.938165 
356.316923 
6.951322 
221.243762 
134.902540 
190.849343 
128.501459 
3.248873 
61.341479 
31.667244 
35.850640 
93.630624 
176.399769 
117.666929 
23.392759 
75.374353 
5.287340 
111.189463 
90.279643 
72.524877 
122.359144 
98.984925 
141.505401 
110.310022 
9.514786 
34.585524 
0.780537 
21.921728 
289.756166 
173.509661 
80.548328 
67.953125 
12.444864 
15.176856 
129.715770 
241.162687 
106.207058 
86.378660 
109.348278 
78.084871 
110.487724 
15.907691 
181.944740 
150.031225 
158.131874 
193.850441 
103.320555 
222.027364 
121.267448 
113.137801 
52.926536 
336.760472 
132.777253 
104.763698 
18.762828 
154.452671 
217.535481 
27.801674 
473.982889 
12.547460 
45.196067 
2.949228 
125.295143 
166.357202 
35.565808 
339.750190 
70.612384 
86.068701 
55.423199 
30.860780 
163.081630 
27.627505 
144.849898 
238.711465 
135.913308 
182.317343 
122.222397 
148.501764 
27.422116 
46.350832 
224.031206 
180.891018 
461.146153 
105.713602 
66.756908 
273.485656 
326.884378 
226.119308 
230.099634 
135.302616 
105.863954 
18.083382 
207.281779 
309.984330 
3.324673 
127.051602 
35.306177 
70.472023 
37.537624 
32.642283 
18.203974 
3.632605 
79.672357 
174.844428 
203.348934 
90.201935 
27.298854 
249.750173 
43.126148 
92.714877 
108.473911 
170.102321 
76.957912 
87.983511 
34.023749 
50.675153 
247.059688 
42.394373 
100.253400 
200.668346 
257.186885 
16.740613 
27.161293 
126.309845 
193.002653 
18.890432 
58.524749 
40.425326 
121.497855 
51.935368 
30.244469 
227.753654 
101.132880 
