6.746775 
507.630468 
128.470049 
120.413158 
311.231148 
522.386353 
193.287690 
24.702151 
436.233885 
81.273637 
344.562484 
297.846509 
186.744398 
157.143593 
200.446721 
371.911129 
273.469722 
169.908259 
279.679368 
283.387554 
3.648205 
74.579735 
247.003021 
184.043668 
398.120992 
74.279415 
21.450742 
816.152427 
293.884329 
409.243991 
599.196644 
577.505231 
476.147795 
151.698395 
205.114290 
472.601813 
7.491553 
507.953384 
373.966547 
396.596659 
259.396696 
741.439554 
289.790930 
876.436875 
154.923023 
11.365968 
732.931436 
355.505863 
12.586851 
119.496486 
453.420715 
128.455096 
348.197931 
425.287273 
32.148266 
440.275580 
214.779323 
336.859145 
48.988742 
13.527053 
1.963875 
34.782533 
337.370716 
319.437200 
0.463427 
209.837805 
162.692056 
870.798530 
21.486702 
475.459720 
553.076525 
372.793752 
350.479519 
174.437855 
17.942272 
291.802956 
163.057597 
415.184519 
602.558931 
286.721291 
15.881756 
182.632185 
489.454273 
414.653233 
1.403504 
267.515337 
326.731967 
78.299114 
4.607796 
10.334093 
673.383088 
229.857982 
227.290308 
382.758463 
16.159240 
297.849347 
222.667297 
293.203935 
560.834187 
220.748593 
59.378586 
402.834916 
659.117071 
543.880521 
136.365162 
289.230309 
190.460468 
264.550767 
14.289527 
164.662935 
193.040184 
381.089276 
302.732287 
343.730105 
71.023790 
257.586106 
15.777788 
187.273247 
443.826347 
1.407949 
139.004503 
232.345444 
288.792043 
2.070723 
342.192229 
225.713688 
262.713332 
744.366149 
268.378753 
308.158285 
503.874856 
119.541266 
305.499309 
619.053328 
376.273753 
244.604571 
413.990932 
364.028867 
112.105364 
40.299589 
567.392613 
244.023233 
93.003149 
13.107117 
109.373112 
696.018976 
307.709164 
413.288454 
275.635831 
315.253808 
262.727716 
225.110001 
368.329471 
311.572801 
528.472549 
445.119101 
299.093472 
452.342977 
249.466341 
114.407392 
269.859890 
3.992249 
195.484585 
22.347281 
196.190138 
181.747931 
310.040767 
456.404313 
305.565510 
514.202578 
520.568620 
72.141636 
296.570575 
463.413493 
416.528939 
319.881546 
508.024535 
132.091362 
305.875261 
4.665173 
259.277451 
359.630994 
365.421745 
113.980942 
451.219646 
256.592365 
366.519226 
594.727442 
0.568435 
387.463891 
339.005073 
439.907425 
9.858722 
486.487101 
52.602124 
484.877690 
671.496183 
191.433226 
235.388343 
0.436103 
230.306904 
532.946697 
89.619624 
364.536339 
301.195634 
6.194151 
7.338875 
304.536799 
269.083677 
468.945336 
5.668681 
282.960432 
416.695557 
30.675926 
149.577715 
8.586102 
2.623981 
271.227945 
179.814722 
273.455438 
1130.955645 
238.804217 
265.933079 
541.429814 
0.439985 
123.526879 
260.573430 
1.710409 
2.455346 
81.706153 
511.996314 
313.402348 
169.377577 
420.633227 
33.074469 
216.778743 
64.176891 
462.564675 
6.469742 
52.775614 
137.833114 
307.214389 
158.377222 
28.678100 
210.958766 
384.861335 
179.179575 
121.157962 
420.403524 
17.594554 
334.454280 
601.238386 
700.007531 
358.335849 
367.133963 
175.874458 
21.896846 
368.675788 
361.861748 
360.920235 
429.632953 
427.739659 
572.365289 
346.202356 
59.518587 
47.428614 
726.199928 
507.282988 
302.355490 
83.194632 
5.504051 
349.760282 
86.619551 
437.455144 
238.232489 
487.126390 
14.683030 
275.509528 
563.474443 
235.228568 
8.406190 
70.891597 
112.368942 
500.044936 
446.428088 
323.351700 
185.546183 
127.250401 
103.440940 
467.395286 
108.535031 
283.612357 
130.524218 
491.359187 
457.600952 
367.418530 
7.269933 
734.037252 
24.476607 
177.763241 
341.218095 
122.903457 
166.851517 
275.145775 
476.421807 
233.853239 
109.821585 
27.724829 
396.192560 
271.596165 
364.638450 
119.293971 
374.549414 
138.334747 
304.179840 
233.204449 
269.798415 
338.081501 
502.515830 
64.120990 
302.371395 
89.666490 
468.940159 
454.024914 
481.739187 
192.521736 
37.580520 
90.834907 
464.578503 
365.107284 
343.400418 
109.373744 
254.821255 
290.008527 
298.162363 
181.571575 
662.962792 
381.926666 
34.109759 
360.390743 
276.692696 
29.493955 
130.795341 
29.548916 
78.123871 
198.967814 
19.857902 
485.886294 
56.490979 
269.934660 
357.804819 
256.299485 
217.733936 
64.371346 
329.412166 
17.570965 
543.860014 
12.906232 
38.843296 
7.913361 
2.851171 
4.809823 
260.655312 
407.539253 
204.526585 
14.936970 
364.754993 
88.301854 
281.204680 
169.637709 
381.848812 
602.529577 
287.455681 
272.807530 
287.016569 
178.331073 
424.842944 
319.208232 
387.453935 
401.885851 
383.765351 
609.214719 
35.237950 
233.968371 
93.940690 
399.125235 
379.812827 
270.816205 
283.747075 
839.182679 
371.562337 
338.247949 
47.396279 
278.572924 
306.491379 
585.340897 
309.367342 
472.715225 
121.777318 
64.455620 
2.277983 
415.464821 
433.416226 
573.777577 
161.786991 
323.112571 
116.917822 
206.429641 
277.117240 
12.029607 
345.383927 
0.458621 
334.973473 
296.528466 
515.097697 
427.094312 
0.800181 
410.479095 
125.201791 
182.985843 
129.867175 
767.276106 
318.379785 
66.655691 
22.320861 
815.489386 
325.066493 
398.173894 
412.262568 
370.258414 
310.589427 
261.528082 
294.287268 
306.718063 
276.262027 
17.491388 
141.143025 
78.331245 
0.578171 
262.947755 
314.303463 
151.378681 
520.742394 
167.606940 
496.073676 
335.287651 
340.173066 
296.453310 
333.536569 
473.759136 
465.470533 
360.831984 
690.908627 
263.633146 
440.814768 
264.235492 
534.887401 
622.915012 
350.750610 
267.655274 
40.500670 
62.964619 
273.198247 
267.826045 
137.005680 
653.590718 
2.571290 
465.640599 
401.623528 
369.580276 
213.852314 
289.103240 
779.532813 
334.333499 
183.140951 
88.281767 
363.473842 
402.123975 
767.144301 
450.606626 
98.650164 
294.736869 
161.426456 
32.686143 
204.804796 
236.420801 
313.984392 
267.313612 
332.166674 
358.560666 
844.672970 
124.628486 
237.146741 
44.252683 
208.204043 
130.404463 
364.142749 
360.514446 
271.876833 
208.755650 
462.042242 
186.505266 
361.318969 
258.111278 
4.033336 
23.819683 
492.459320 
261.639266 
158.219981 
389.072350 
205.753462 
216.958141 
560.741103 
220.115940 
6.522758 
394.131408 
456.993386 
653.790946 
315.958418 
8.496777 
0.852725 
418.644109 
878.877106 
362.072676 
211.811896 
195.252941 
172.825139 
284.020157 
245.181516 
3.648327 
610.323054 
169.910565 
279.666139 
261.781166 
77.906464 
210.066129 
315.557323 
36.042608 
505.369899 
235.756165 
247.825876 
330.891085 
212.685607 
928.262088 
411.209415 
381.328795 
216.124168 
65.645715 
109.765085 
239.704553 
391.765295 
419.564338 
367.948283 
456.714384 
629.695048 
0.880057 
328.470440 
303.088922 
58.171735 
409.144195 
369.653223 
225.609740 
305.099564 
180.014119 
75.268332 
448.453126 
675.812083 
777.822722 
122.300371 
15.794591 
255.841333 
523.329998 
166.174028 
92.820540 
84.977255 
324.379907 
3.586048 
310.111702 
158.630100 
224.806071 
179.095713 
476.787066 
28.302734 
402.759514 
414.193051 
32.710395 
262.993345 
245.090623 
290.273086 
246.209549 
27.276841 
268.973503 
296.893976 
520.699371 
148.081071 
763.512763 
270.387797 
185.767942 
119.256099 
259.364145 
405.243186 
134.196569 
436.586435 
726.752867 
335.004896 
377.725708 
21.470592 
219.349704 
394.144258 
447.589953 
0.058031 
0.661656 
147.100160 
564.425526 
439.375792 
465.076612 
539.930981 
407.595592 
261.518994 
458.273017 
66.469224 
451.735989 
151.611288 
406.087562 
197.982123 
147.595851 
615.654803 
147.571292 
14.904604 
294.734835 
763.583851 
32.645150 
659.265384 
279.107171 
323.387802 
263.897296 
325.149449 
423.738548 
318.452191 
469.884885 
249.606500 
512.911340 
224.904880 
414.482029 
1258.496460 
273.718895 
518.857829 
273.963886 
364.780193 
5.114712 
383.447077 
172.275705 
9.451667 
552.565493 
261.086178 
272.484236 
288.150356 
331.723842 
476.358323 
307.573717 
1.604828 
158.998606 
19.277175 
593.673815 
511.854388 
252.421283 
228.194408 
188.367619 
391.810179 
314.543813 
9.724990 
407.840925 
99.170664 
56.714839 
279.059390 
386.619331 
715.071612 
1.330919 
423.672405 
380.626425 
364.570450 
411.403347 
28.294432 
306.133581 
260.271951 
365.606251 
280.349081 
549.901180 
0.126721 
315.364543 
234.896633 
87.889232 
34.481327 
487.418209 
6.735195 
320.069291 
145.438450 
306.553632 
306.295762 
216.710148 
1.627564 
1519.657337 
496.757797 
471.987239 
127.550221 
244.521961 
359.001007 
424.396783 
301.727626 
476.820002 
46.759802 
481.011465 
29.279238 
242.112263 
225.605861 
246.308756 
411.447166 
97.642749 
35.689439 
634.265904 
212.012033 
0.949811 
461.167566 
241.075794 
512.068565 
465.214401 
98.467981 
428.009245 
233.294826 
323.695316 
2.559559 
329.981298 
2.498255 
690.392235 
220.661686 
611.575684 
487.174993 
628.882676 
462.645759 
328.618183 
433.841388 
302.849692 
3.493305 
237.675811 
466.227991 
177.221506 
115.105561 
374.648799 
196.016479 
365.588426 
1100.879234 
306.123443 
5.466967 
374.876292 
114.903896 
10.628501 
289.767338 
110.895173 
324.620154 
442.563473 
837.330768 
122.990964 
188.013864 
340.183470 
501.487246 
228.172711 
236.269238 
192.944792 
499.277700 
81.754258 
363.698621 
582.388118 
411.108272 
440.987510 
302.464019 
806.925234 
294.973387 
239.436317 
354.158100 
807.252934 
223.181115 
9.390302 
2.684591 
133.774919 
179.704054 
421.821728 
299.169570 
220.556478 
173.766367 
522.285617 
324.864982 
500.121591 
6.275651 
13.790060 
274.445687 
367.591780 
350.062566 
703.132256 
284.188350 
738.216677 
344.140604 
378.708595 
241.672623 
555.016331 
465.095102 
145.717701 
754.141935 
346.297087 
496.244710 
356.147542 
489.790950 
507.513291 
220.993669 
424.115014 
257.449843 
168.055156 
127.247838 
67.815377 
406.208767 
230.993827 
255.167655 
508.881064 
260.165078 
438.338390 
360.725950 
380.188857 
17.251567 
123.027747 
67.469512 
222.670198 
177.625285 
376.585239 
235.080138 
120.887248 
349.117948 
413.541665 
365.055943 
341.419126 
300.455623 
372.380105 
573.340211 
4.100303 
107.839231 
186.127253 
157.290225 
113.367453 
557.103607 
17.914833 
47.549056 
468.974722 
163.701914 
121.343704 
760.731051 
921.062373 
392.232501 
358.784642 
338.185866 
577.040942 
301.279065 
166.289144 
404.976417 
415.060536 
142.118340 
198.058801 
288.235288 
80.266634 
293.363474 
15.864560 
565.200123 
340.884661 
106.783595 
83.029053 
869.003127 
388.088320 
3.795829 
264.154674 
492.152185 
181.944178 
348.293214 
315.648517 
450.843352 
640.482116 
85.418024 
448.155599 
289.356615 
453.704029 
339.611040 
142.869497 
462.995005 
10.003548 
518.152473 
468.288251 
158.194568 
355.365650 
453.080182 
7.428221 
6.871783 
2.828655 
270.995625 
1.525485 
308.975564 
630.838370 
459.539701 
447.830826 
157.461810 
761.330240 
329.716478 
4.955138 
1.361339 
163.459053 
278.989655 
587.056203 
332.356042 
337.187674 
6.015540 
65.989542 
11.274887 
224.961879 
255.918306 
842.137437 
443.350118 
226.740235 
60.070504 
473.125866 
513.664481 
1.142953 
522.033589 
302.173714 
2.966438 
479.627434 
162.664013 
20.219534 
299.771793 
216.458145 
261.623883 
322.849969 
609.492580 
237.816246 
350.897745 
503.355535 
54.552838 
8.657553 
691.718503 
172.703713 
525.032434 
462.746143 
568.804955 
286.958063 
73.208612 
173.044548 
4.290604 
633.586495 
471.183979 
366.062730 
12.135795 
759.440711 
601.764491 
465.050402 
322.218446 
353.709650 
10.193887 
481.375903 
17.284984 
172.094611 
590.290741 
258.019974 
738.013657 
393.611371 
111.069554 
2.023406 
44.046585 
288.824836 
279.255516 
179.083702 
2.141749 
321.623210 
464.147782 
245.065617 
104.964947 
185.720154 
479.564647 
9.823982 
8.958560 
594.556818 
559.775262 
375.251099 
0.432359 
148.639127 
360.944281 
325.932991 
74.342657 
312.123073 
247.396951 
355.331819 
374.922348 
7.371155 
133.474643 
1.884421 
115.867003 
404.864744 
