78.162474 
381.848749 
86.051022 
29.412612 
187.184168 
167.152169 
243.749932 
224.649986 
21.641992 
133.772637 
20.173362 
25.604594 
123.971056 
230.201132 
201.789454 
115.134805 
138.197321 
11.979847 
38.084592 
6.024263 
206.009591 
74.435997 
260.633341 
0.092447 
68.143478 
427.597756 
21.432938 
381.064323 
125.449869 
71.613285 
1.543603 
18.834043 
9.551072 
418.733643 
16.342278 
18.000475 
332.150984 
6.444208 
75.776071 
28.702856 
53.341739 
210.874555 
131.376708 
65.882977 
51.421237 
174.370849 
74.360245 
217.611077 
154.673439 
14.187201 
87.898072 
19.894353 
3.420175 
281.102127 
33.936514 
50.162766 
38.118546 
26.535108 
69.539792 
19.383918 
24.718209 
265.256453 
15.219735 
181.038016 
105.079348 
14.168839 
108.462128 
49.102430 
157.004546 
42.624253 
198.773739 
49.025937 
28.688397 
14.901403 
85.414548 
72.289710 
47.494231 
219.777549 
38.544546 
85.933305 
160.463370 
51.978805 
193.654360 
186.691750 
438.201265 
23.517987 
23.777583 
50.611508 
5.364426 
0.749558 
28.401442 
91.706607 
62.053204 
38.985297 
112.308224 
26.169076 
86.102902 
319.212126 
6.754972 
70.937072 
101.913439 
536.808040 
526.019480 
97.542431 
661.531366 
433.461791 
118.790637 
121.929562 
75.829313 
67.084849 
18.169974 
137.673619 
500.175477 
200.412779 
81.775506 
98.466487 
165.351863 
126.774010 
127.142104 
115.719477 
17.403601 
26.778692 
359.266564 
102.371374 
92.812565 
89.843080 
15.573380 
388.372119 
69.978208 
152.781330 
66.750257 
109.877762 
71.549559 
183.853195 
38.752958 
23.109076 
144.514628 
276.953710 
199.159070 
270.138853 
136.237084 
123.989047 
7.483179 
150.441374 
481.904165 
70.304662 
8.315153 
8.534912 
121.677790 
17.495284 
38.883777 
88.530181 
28.374316 
145.719434 
226.963346 
55.018229 
121.842467 
7.675192 
39.846319 
204.440038 
83.380026 
93.313515 
50.802081 
496.776967 
109.974853 
283.624380 
81.442568 
55.626677 
12.979535 
73.242867 
182.723828 
46.551905 
152.920632 
193.123984 
118.854134 
796.083461 
30.537993 
186.392062 
227.113680 
18.943115 
215.428155 
223.606474 
220.101069 
76.415428 
38.711473 
83.301941 
106.458888 
95.041830 
85.432673 
160.586575 
32.919991 
36.592816 
151.142390 
132.672010 
3.022649 
31.760016 
72.027580 
133.238065 
7.277264 
680.414888 
165.326191 
119.629761 
278.109927 
3.084188 
178.499985 
220.748441 
46.939447 
81.071629 
104.321430 
82.444799 
243.695281 
12.134832 
63.340685 
205.723088 
55.571005 
421.982784 
66.950108 
238.132336 
135.144448 
259.789264 
143.999764 
43.989244 
37.827701 
217.732897 
58.020632 
47.774127 
27.992110 
12.241437 
84.107112 
110.168139 
138.032307 
336.565890 
88.313694 
366.837907 
18.087791 
622.207552 
373.148077 
22.675659 
56.270303 
24.378805 
224.816935 
184.776088 
16.439358 
12.768540 
75.750278 
24.942064 
24.637122 
115.253408 
26.184962 
324.386753 
221.227047 
51.144446 
202.230862 
69.683514 
255.627916 
51.965872 
214.964985 
133.698472 
19.533929 
26.508830 
3.379970 
24.304903 
11.623651 
166.038726 
321.142141 
32.812706 
82.355502 
115.580911 
92.258491 
26.447475 
18.309686 
8.882034 
76.544565 
268.930111 
92.185401 
38.340925 
20.890234 
109.359447 
321.421248 
229.763663 
55.041359 
83.828014 
185.571512 
130.889860 
2.307799 
116.062786 
0.231915 
33.475966 
44.711135 
231.311626 
243.352960 
22.962641 
253.881479 
381.758036 
32.257748 
175.835592 
115.257643 
7.433430 
220.698516 
150.628879 
147.192035 
73.418792 
24.670249 
43.108307 
24.309556 
46.633309 
421.220149 
39.611955 
66.924853 
36.702512 
136.228924 
30.199647 
215.214058 
36.737029 
134.404049 
26.549985 
26.340348 
36.675054 
197.463567 
287.743628 
182.321083 
56.460367 
579.683684 
31.350645 
93.759556 
26.380300 
73.169231 
85.123564 
129.375728 
368.455892 
9.839929 
122.339142 
222.589856 
382.496824 
78.683986 
150.919197 
0.586559 
128.826521 
105.584433 
78.382844 
453.341100 
38.091349 
18.460120 
112.331958 
1.334144 
96.505179 
0.720614 
84.008644 
87.322485 
202.249113 
158.397579 
235.276619 
20.936955 
200.718280 
101.232387 
236.113398 
0.234642 
117.812883 
112.909688 
175.192957 
360.992430 
31.476446 
167.747663 
17.366095 
1.460139 
115.901946 
108.036786 
163.825896 
12.068195 
268.104567 
230.547463 
124.095685 
459.267390 
28.233916 
228.240758 
47.241795 
31.978555 
83.048594 
520.197500 
20.879022 
55.135899 
6.735095 
113.552820 
108.354671 
125.467836 
21.401744 
10.755924 
28.338501 
178.508717 
141.060793 
137.172362 
54.410379 
168.901972 
138.612172 
219.452865 
14.588105 
307.502938 
76.863318 
252.070728 
12.004346 
121.263089 
42.362188 
293.530960 
136.222633 
74.993661 
33.349145 
8.933453 
6.062379 
21.281011 
64.559544 
228.549298 
249.432902 
462.806257 
29.909917 
1.965956 
75.249414 
204.443895 
13.139475 
59.855939 
127.487878 
312.404331 
52.837001 
23.267325 
17.476000 
136.998729 
207.681734 
156.530364 
12.021273 
2.391285 
182.993071 
124.688706 
334.547701 
223.648280 
186.065311 
19.902224 
35.209782 
5.660971 
32.803282 
69.161293 
81.813075 
42.394836 
81.985161 
106.177229 
12.145631 
85.822443 
187.902528 
32.511763 
144.056234 
175.856575 
135.926049 
101.342333 
654.294304 
88.568757 
15.781897 
270.866214 
179.972318 
71.784300 
46.161563 
21.653250 
171.502988 
49.509877 
125.927837 
105.618872 
601.070001 
22.325159 
307.071696 
113.027522 
162.281871 
173.939596 
229.527858 
44.077475 
75.637755 
7.067671 
215.736404 
39.080600 
4.547775 
100.915424 
55.030402 
114.044547 
71.122201 
338.192819 
696.209549 
76.105380 
28.090057 
11.573423 
227.401243 
1.699083 
31.496354 
85.585307 
44.861116 
137.705704 
114.936846 
83.356809 
176.976986 
24.964304 
14.716025 
12.549161 
48.114829 
46.105047 
61.795090 
21.559855 
63.767818 
214.767718 
22.854161 
104.127314 
217.552436 
188.910506 
132.875328 
99.303860 
222.659044 
230.452071 
103.603302 
208.920465 
121.037885 
500.331817 
158.370348 
226.781159 
23.295958 
97.865546 
16.667134 
32.260214 
478.171797 
336.580242 
78.669881 
277.675923 
49.799080 
32.703442 
218.645048 
214.920860 
94.928265 
44.897728 
374.489856 
116.577765 
164.617104 
331.610080 
146.506719 
156.715537 
125.771995 
160.834040 
80.301276 
7.829641 
125.178593 
44.084903 
62.112213 
130.829552 
122.728382 
143.803053 
89.428468 
15.424580 
56.793354 
32.303629 
263.304810 
128.127434 
130.978768 
17.622767 
177.472995 
66.577155 
17.324861 
507.567005 
206.949418 
114.657273 
92.296018 
11.015316 
15.788992 
85.384116 
136.282276 
36.476909 
60.422545 
14.373398 
21.753933 
122.917168 
423.314770 
94.484448 
88.835091 
80.397023 
265.567899 
178.790052 
67.013876 
196.817192 
552.971436 
104.856141 
201.227809 
89.219079 
70.774607 
25.820010 
117.053040 
28.311173 
2.225229 
28.287309 
374.919610 
11.691222 
142.302939 
23.854811 
27.948143 
25.865074 
87.182097 
23.176650 
206.700117 
10.558690 
85.003135 
180.312488 
195.285113 
178.055498 
60.541587 
22.401075 
146.346994 
6.037484 
276.764884 
18.145050 
135.875933 
373.434342 
33.162545 
89.407080 
149.907165 
98.235819 
124.988779 
178.758062 
17.110677 
21.381383 
489.573058 
8.311701 
32.463303 
35.820769 
3.711613 
54.946112 
32.604641 
221.477257 
189.727040 
25.193323 
139.124745 
203.230495 
100.631502 
34.285271 
253.670225 
79.213208 
220.797652 
72.242278 
9.237271 
418.486891 
64.164672 
27.448187 
279.018833 
214.183609 
69.138753 
143.869502 
134.855622 
21.383547 
31.438488 
682.760568 
40.533017 
90.341162 
319.083332 
32.380968 
73.108448 
239.568124 
271.693429 
323.999854 
152.289570 
38.108191 
37.010951 
33.637341 
111.955058 
69.854012 
168.186746 
120.364255 
206.415787 
221.806089 
21.452511 
273.337805 
21.469834 
91.621442 
154.570765 
88.633226 
239.581878 
85.174722 
20.594925 
14.472990 
131.808206 
8.071209 
21.779764 
16.393329 
30.881419 
148.774988 
40.850966 
31.967816 
32.735652 
35.657695 
27.540016 
54.818402 
103.251211 
106.562670 
251.592216 
21.316255 
129.515926 
105.703318 
63.474042 
262.305989 
83.194134 
88.042546 
93.315560 
4.724619 
165.395126 
196.560432 
20.530852 
90.432715 
421.991565 
283.161982 
33.927113 
27.975094 
69.431962 
24.976317 
63.842878 
68.765095 
204.731069 
86.332663 
495.808110 
87.188331 
166.494330 
45.721710 
26.413126 
38.262743 
127.683168 
215.973774 
110.424884 
48.726991 
139.692018 
121.057525 
63.781554 
369.653660 
80.631699 
327.589100 
73.459913 
175.608718 
110.827772 
26.019534 
14.400295 
207.510055 
184.361145 
165.070696 
59.105466 
237.173966 
102.562587 
233.774965 
128.626843 
164.811948 
125.645516 
119.613016 
257.978407 
173.612522 
164.808354 
249.253877 
372.010477 
116.208372 
0.614365 
314.021678 
65.078167 
94.058461 
11.481683 
112.245240 
17.419431 
238.835361 
100.865280 
82.668608 
16.061013 
80.336520 
15.766130 
71.933884 
59.122250 
107.968638 
58.652081 
5.963884 
436.234149 
228.954885 
777.306306 
24.999339 
38.096409 
139.564955 
25.604354 
22.772705 
158.665227 
178.336564 
15.744493 
13.462906 
132.818731 
5.494704 
181.303132 
125.002639 
210.784242 
135.905030 
155.946263 
73.055272 
82.195657 
169.311623 
265.983426 
167.616944 
5.792809 
20.558819 
130.985958 
73.227768 
211.230991 
169.870752 
222.978446 
4.409362 
211.571469 
307.307241 
327.994668 
9.381263 
20.899352 
299.155011 
23.717912 
69.861135 
69.526324 
251.764135 
67.520760 
71.532288 
0.468146 
112.567502 
9.597927 
139.453332 
467.985218 
88.624412 
7.852327 
77.499523 
33.644379 
114.991525 
63.188653 
45.285345 
14.851156 
50.564209 
119.238746 
28.437831 
185.183230 
228.085707 
18.771189 
118.139735 
239.034593 
201.451156 
31.948506 
124.954962 
9.873486 
209.894367 
9.077355 
56.898571 
46.626724 
20.664262 
107.638590 
123.251272 
47.618455 
342.908135 
186.084488 
107.726113 
399.998808 
447.070107 
27.755148 
71.310887 
24.200856 
11.672599 
46.066352 
85.183256 
243.325920 
166.051285 
55.117489 
107.890475 
77.473839 
330.487462 
10.892783 
71.651251 
62.201104 
194.668912 
27.137370 
9.148471 
55.674158 
110.158567 
180.275693 
328.015054 
13.987691 
124.250349 
259.984960 
76.155450 
267.862018 
11.869003 
68.682281 
521.922448 
72.764961 
17.400807 
94.843055 
85.362680 
107.213884 
153.791104 
177.363807 
123.102544 
103.382545 
30.764541 
2.736071 
80.539633 
3.463751 
82.524249 
377.130754 
131.812107 
98.282158 
101.226091 
4.318211 
82.149354 
126.447366 
123.655910 
48.973661 
83.488395 
209.903298 
56.522753 
4.273212 
216.616893 
7.280945 
51.355283 
27.713664 
132.866362 
443.993593 
152.930225 
371.287347 
245.188409 
193.151770 
26.171415 
22.355876 
72.099280 
76.976994 
522.763821 
337.464685 
139.109315 
27.084397 
306.117078 
277.143456 
15.363156 
137.715366 
60.351625 
36.042994 
74.672923 
23.597123 
85.359517 
17.767737 
68.629380 
245.745675 
119.731614 
310.795213 
178.849629 
16.964536 
117.608142 
65.782442 
440.814201 
202.888270 
39.188853 
85.637499 
134.667694 
505.220042 
50.455899 
72.695083 
314.761993 
125.150735 
32.132885 
188.341192 
52.045068 
128.316991 
46.683377 
244.250984 
244.700654 
69.342898 
264.244795 
134.988686 
179.190420 
231.527137 
77.323702 
39.556527 
311.580548 
35.753057 
94.519886 
84.816682 
103.816559 
183.658825 
131.896232 
352.823354 
21.552898 
74.455855 
38.785669 
114.164060 
82.866934 
101.289431 
106.127919 
65.384355 
86.003845 
160.161809 
253.529549 
62.118646 
71.191898 
288.240857 
98.103152 
92.885137 
469.429086 
88.608503 
177.465005 
122.554544 
208.816495 
37.632433 
