50.425029 
131.315381 
81.692953 
164.640542 
37.169772 
47.341658 
22.855434 
584.957274 
95.655583 
65.137817 
6.793831 
127.994065 
40.547080 
46.233463 
218.549782 
308.655861 
52.556968 
35.479346 
12.622171 
3.589153 
32.303695 
242.595378 
700.767101 
119.208340 
147.475486 
36.309818 
432.555307 
237.881038 
69.134493 
106.461394 
0.375439 
27.762258 
143.079604 
67.313800 
4.378498 
509.301078 
119.122612 
95.160514 
23.723586 
51.847001 
5.752000 
57.908480 
7.536122 
165.654668 
25.260366 
53.112962 
129.838495 
208.453873 
105.947434 
21.386489 
91.606436 
180.296418 
170.828598 
48.115262 
26.563108 
158.529977 
397.782103 
153.962800 
135.415376 
17.104239 
100.986841 
50.359069 
88.128065 
7.842264 
269.125246 
67.415384 
151.322981 
45.040715 
52.648973 
85.715811 
30.680344 
159.666504 
206.012969 
5.935388 
174.960359 
642.086555 
30.813484 
243.793874 
149.637305 
0.124523 
588.212063 
6.433629 
235.386669 
8.232727 
123.167587 
42.779098 
93.643593 
109.050114 
59.710428 
0.967084 
139.409393 
367.546045 
63.942119 
30.889729 
103.922469 
34.345411 
82.403448 
122.925239 
171.464621 
75.206201 
44.513736 
93.151215 
14.839967 
60.254755 
138.888097 
279.059511 
196.495849 
167.665189 
101.872444 
8.911505 
158.368073 
277.505944 
237.188371 
109.451834 
331.800089 
15.544601 
203.478184 
69.389331 
6.747799 
9.297533 
305.414907 
165.067809 
133.155371 
107.103597 
37.572060 
153.092250 
20.124899 
158.163063 
46.949862 
73.301143 
52.611507 
351.463270 
116.551634 
113.548526 
2.918617 
161.205792 
108.579104 
185.927072 
21.729445 
12.557887 
104.868873 
7.267724 
241.904138 
226.754233 
159.393295 
221.795511 
174.132980 
1.265451 
187.787288 
51.426565 
255.107621 
183.029413 
13.507423 
103.637901 
53.200801 
61.062797 
31.918156 
92.720658 
120.789476 
145.376983 
104.325800 
49.214697 
28.502061 
70.565799 
0.237184 
201.285350 
42.604446 
71.922985 
74.682871 
90.540208 
333.237884 
108.982453 
267.607266 
157.582910 
260.738888 
290.464845 
6.659216 
431.420964 
70.270811 
138.211133 
189.762443 
254.149948 
24.409739 
61.972416 
5.834029 
74.554487 
88.543264 
85.345767 
137.658712 
3.303560 
88.970925 
43.985070 
18.597805 
130.114710 
393.693557 
573.568656 
100.839988 
437.146365 
521.174940 
54.361024 
59.041440 
59.150721 
52.728236 
63.197173 
151.710705 
69.139190 
122.762222 
96.239678 
173.815189 
31.385533 
45.178599 
348.841731 
40.494494 
224.011459 
85.121452 
51.994306 
140.591770 
41.879807 
51.783577 
86.642163 
90.543152 
93.793739 
0.224412 
233.612172 
2.452946 
46.167042 
8.660112 
1.260787 
104.126079 
93.907722 
146.878734 
104.082764 
90.649926 
1.379147 
46.997318 
192.547485 
59.537827 
205.096916 
41.908267 
258.975077 
3.606214 
235.213506 
3.990427 
203.172873 
56.414045 
29.146278 
118.006943 
7.395214 
151.037003 
92.680286 
107.669762 
31.000220 
27.054622 
5.560114 
59.411056 
139.684023 
272.561514 
51.477945 
155.502419 
6.152467 
108.444543 
72.537560 
88.977347 
147.972661 
159.848752 
248.831951 
148.051416 
100.433627 
260.661861 
76.902765 
154.821711 
76.396029 
16.338055 
224.657211 
4.981455 
106.555309 
75.939817 
124.832195 
68.193342 
53.671134 
22.682710 
151.623474 
161.335754 
45.168440 
139.178209 
83.774452 
170.870927 
99.652238 
122.419407 
31.312508 
41.160107 
36.952126 
97.230162 
133.634619 
353.393831 
329.551006 
201.079073 
483.852210 
190.161842 
115.915768 
8.974478 
24.975274 
240.046398 
240.773789 
8.745759 
224.533245 
50.219429 
31.509769 
141.404376 
4.669557 
35.970658 
185.357518 
51.427498 
34.516309 
8.953295 
43.629893 
49.700030 
128.768473 
20.499455 
594.448092 
159.164848 
316.442743 
319.143626 
6.873923 
81.658707 
47.504719 
156.113669 
107.220201 
138.133701 
99.240467 
58.325430 
41.343567 
17.068130 
3.882918 
39.049073 
28.076882 
81.664910 
155.306635 
8.058884 
95.222284 
105.690421 
42.936395 
5.398117 
274.779473 
20.604805 
160.261974 
109.143667 
285.552918 
187.584272 
133.561958 
26.819400 
59.822987 
37.234034 
52.595761 
41.184454 
148.706144 
89.238869 
178.854667 
77.257638 
30.167531 
119.757585 
126.256724 
41.282717 
70.486429 
45.717256 
293.167092 
72.850768 
47.287156 
9.384030 
10.685357 
154.070254 
142.075543 
7.324765 
126.522849 
49.168903 
100.102775 
206.606490 
72.388272 
103.602213 
143.669040 
74.045666 
297.943347 
75.254057 
29.483884 
112.775322 
568.108393 
66.103269 
139.353691 
262.836669 
44.986383 
48.647255 
9.347029 
76.137634 
226.171976 
145.375944 
53.483938 
189.356134 
201.100688 
97.666352 
114.213236 
46.220333 
108.852720 
47.708586 
275.621189 
286.233431 
0.327972 
29.268055 
301.290119 
97.756105 
15.343360 
179.894358 
124.100504 
372.539031 
237.462274 
159.765918 
88.541484 
169.504100 
21.254781 
31.857048 
55.950046 
246.961468 
157.633863 
52.321720 
35.442404 
158.807323 
32.999130 
86.682815 
10.486853 
117.235020 
8.755474 
35.945724 
94.345227 
36.165663 
3.322085 
84.744238 
142.518355 
641.268391 
31.184387 
158.585296 
183.305669 
248.682565 
84.606174 
136.073987 
90.256685 
1.619560 
38.059901 
253.011538 
57.424273 
51.383255 
127.759418 
25.668701 
9.371620 
30.893012 
277.984087 
78.357051 
220.499110 
152.658935 
102.107310 
10.429774 
80.884982 
145.256079 
6.510848 
26.389469 
754.699119 
157.242151 
414.459733 
206.148824 
53.311699 
253.236696 
34.486440 
48.215622 
67.351145 
297.218044 
98.317014 
56.780339 
4.815785 
344.429935 
81.002945 
72.478840 
521.900393 
13.191357 
108.532557 
109.029425 
250.669726 
206.867402 
64.319257 
108.538870 
349.644426 
640.905994 
351.809211 
0.136350 
33.288560 
2.008675 
109.124099 
147.393309 
63.327213 
85.393243 
318.109293 
91.132869 
188.454953 
213.266270 
91.310862 
108.067416 
229.678717 
251.941434 
212.994027 
262.235035 
197.547069 
210.012042 
23.849876 
189.480200 
218.165228 
34.908679 
140.667823 
28.386294 
247.334248 
129.815380 
114.401597 
130.232292 
507.273070 
259.241670 
170.993130 
172.553231 
259.642971 
242.187625 
228.662581 
95.452052 
193.478721 
532.562257 
55.643142 
92.272365 
75.740933 
47.310161 
148.761250 
44.253667 
124.262328 
12.998687 
74.381956 
2.904171 
360.845153 
44.406193 
86.276106 
217.418522 
88.443980 
58.811903 
90.939648 
200.187594 
86.819618 
207.859400 
26.152116 
54.985832 
37.207339 
13.681657 
54.544697 
77.286122 
44.599800 
56.350837 
144.830355 
92.894464 
215.894950 
4.902118 
104.976800 
105.048814 
33.665516 
294.191158 
186.714090 
58.057380 
25.586768 
65.717282 
3.078300 
121.462281 
23.724421 
155.206628 
85.602362 
83.302441 
84.251685 
131.249542 
17.107235 
17.405110 
82.139799 
48.673958 
100.135607 
54.131673 
5.094130 
142.194246 
28.018374 
143.728957 
149.707715 
27.495217 
47.901713 
147.457544 
29.809163 
99.476539 
208.138904 
4.137781 
187.624954 
256.220153 
27.016385 
127.736356 
160.615370 
55.973761 
31.919876 
132.735071 
227.363273 
174.251019 
201.017516 
238.948230 
288.514107 
182.477122 
216.751890 
230.376187 
236.543217 
60.901105 
21.767824 
26.408298 
133.647907 
91.013488 
0.501622 
40.976353 
68.782457 
80.193718 
21.241699 
103.529932 
133.240572 
12.080990 
56.761914 
211.679648 
98.231685 
165.766628 
133.634393 
95.073765 
141.512998 
19.292714 
83.730542 
12.865942 
52.454272 
88.717200 
186.484228 
62.780407 
33.414419 
86.371899 
162.446346 
114.023735 
1.185555 
50.807632 
20.738611 
346.243356 
74.339527 
156.034389 
31.954208 
99.595202 
193.808899 
120.421312 
7.389283 
6.344809 
109.184383 
73.709871 
82.493112 
93.882240 
83.293520 
135.241574 
53.937148 
99.600908 
0.015111 
290.281073 
39.910199 
393.168906 
55.674725 
52.463837 
2.131459 
33.785639 
196.707539 
2.287969 
2.855270 
123.103803 
432.955485 
1.627973 
5.462242 
301.371930 
495.971496 
87.509553 
87.683925 
134.073141 
180.418379 
191.612944 
59.337947 
89.586029 
47.409102 
28.752704 
47.174426 
13.859257 
119.803775 
88.383976 
545.978297 
89.081945 
286.813751 
127.058287 
22.686684 
133.719597 
127.390978 
3.424564 
109.075324 
130.796328 
133.549622 
166.909527 
85.279609 
23.109772 
153.884298 
79.133826 
233.340365 
50.108569 
116.735001 
284.146003 
90.704862 
30.067083 
5.214133 
447.058653 
59.750498 
197.296764 
43.861538 
73.950323 
193.339963 
21.782567 
145.776285 
274.625115 
82.209097 
69.004297 
88.245589 
32.888948 
58.502778 
243.780700 
602.010763 
242.552434 
209.975709 
158.355945 
11.588311 
1.352186 
63.424126 
6.646264 
149.809805 
159.381104 
56.878849 
252.065202 
8.977487 
10.216073 
0.938281 
27.449574 
11.418731 
256.621318 
133.862567 
290.325486 
173.379820 
26.524015 
231.877302 
26.830864 
148.191280 
249.495465 
182.421033 
141.390017 
306.638365 
197.991509 
44.707164 
27.958610 
2.362312 
9.590254 
477.827972 
15.361564 
99.663297 
82.371956 
8.025122 
5.359187 
4.622594 
25.928847 
85.552981 
186.387028 
189.472354 
43.852282 
85.623907 
58.444232 
8.252483 
324.341719 
2.806562 
336.166456 
353.843325 
29.596102 
246.942904 
82.276403 
87.650006 
159.620425 
7.756552 
19.623378 
62.284705 
403.178649 
123.277512 
96.317382 
153.482282 
38.967054 
11.957483 
18.149442 
209.323546 
232.468977 
139.844941 
138.757427 
512.778578 
42.393720 
48.278792 
4.619266 
66.648265 
11.318586 
105.952639 
148.017047 
199.482955 
359.144864 
4.755951 
286.330466 
201.291898 
128.455620 
275.842987 
449.349627 
44.368548 
37.479208 
71.885061 
30.059181 
229.673277 
196.268963 
1.133239 
12.510821 
79.688598 
342.823638 
3.354888 
242.266536 
171.526286 
182.492328 
58.758362 
15.170650 
163.816410 
46.259850 
127.153866 
273.861056 
520.285823 
91.776675 
4.244937 
112.626935 
311.607341 
334.349709 
245.183391 
17.506623 
104.783345 
664.092569 
49.192956 
146.164572 
53.207986 
70.525920 
77.684342 
25.225003 
90.093562 
357.078607 
78.973394 
208.404200 
58.861560 
44.493381 
5.984849 
294.647187 
50.872039 
123.022721 
49.203603 
95.049399 
71.646079 
273.821557 
200.167457 
272.837390 
392.599488 
83.196558 
82.017886 
2.055485 
85.961590 
28.743968 
277.502456 
108.544069 
14.261619 
300.963314 
58.725993 
30.047824 
9.144048 
80.143928 
137.525759 
512.226135 
200.128315 
84.818163 
80.581478 
5.587795 
54.202206 
18.210411 
81.155472 
192.971534 
340.636020 
149.170187 
383.410652 
125.228491 
9.705273 
260.986692 
53.319383 
64.987985 
54.247491 
704.243646 
24.918968 
52.165355 
109.929636 
65.460205 
97.037955 
89.753298 
77.841806 
58.512051 
24.442248 
198.517964 
12.666371 
227.413192 
5.852523 
269.425156 
41.228400 
114.436428 
24.844841 
182.803674 
79.080857 
72.540108 
87.290981 
169.451739 
25.532823 
367.833910 
30.004326 
147.288498 
208.072552 
106.374230 
198.207000 
158.687805 
172.573225 
28.834774 
93.609771 
463.655578 
83.853390 
33.703726 
252.778418 
31.902509 
24.441277 
105.599540 
167.144550 
150.924616 
38.663827 
150.736974 
18.543557 
177.586283 
11.083109 
42.459379 
59.758146 
131.948620 
166.482235 
426.444147 
89.749253 
101.375748 
640.259213 
2.306988 
81.593095 
183.352351 
48.794860 
14.785855 
352.843114 
47.465889 
112.934345 
61.121680 
24.721481 
86.544068 
52.874619 
675.559705 
63.429997 
154.989635 
35.832306 
17.039324 
176.755456 
139.961446 
259.433427 
84.125145 
11.819381 
200.685001 
147.800859 
32.729668 
40.165312 
198.353399 
429.334832 
88.352303 
200.699056 
45.729907 
75.989218 
108.917226 
92.802841 
63.615398 
96.674816 
3.479067 
184.517056 
26.478893 
216.235750 
