63.296975 
12.280847 
186.757098 
10.390138 
60.273420 
269.753060 
48.515355 
40.848585 
70.253715 
17.965327 
511.112499 
120.871203 
30.586750 
224.429134 
209.604370 
227.457184 
118.721791 
73.111398 
60.324296 
258.720829 
140.015038 
286.124005 
30.214071 
31.281781 
122.513020 
29.722183 
19.765981 
243.012678 
127.585994 
17.792780 
35.238121 
104.214197 
9.469490 
57.834258 
536.760072 
7.051525 
285.263209 
105.600749 
120.543110 
89.980964 
125.854077 
235.241517 
379.669616 
66.386923 
345.737789 
17.413497 
124.829390 
48.249646 
290.132285 
30.743787 
224.895996 
72.083885 
208.985687 
27.494146 
107.880429 
177.601615 
104.580169 
48.269908 
131.395399 
63.343561 
117.350645 
143.531894 
29.639551 
64.661828 
23.007080 
28.659923 
88.053899 
72.454822 
46.590873 
49.438022 
13.402571 
55.224173 
337.659259 
52.297190 
22.633874 
25.708231 
52.000043 
85.356281 
94.642446 
122.233541 
457.073917 
121.020703 
109.015508 
237.862617 
34.029019 
111.142229 
272.032548 
224.701530 
23.230057 
243.255186 
211.586967 
165.046813 
113.544667 
216.120041 
33.495604 
134.232364 
57.630056 
82.891802 
78.751031 
26.578179 
6.103388 
99.723436 
134.368407 
3.273518 
83.874758 
185.121894 
33.276205 
198.949694 
167.282602 
322.255634 
312.106149 
33.897247 
297.439523 
71.356918 
31.557260 
34.360534 
29.598909 
129.915521 
53.243926 
94.269946 
43.281809 
506.867500 
2.994755 
271.578214 
24.036564 
17.904292 
24.084759 
93.585519 
20.807986 
94.617078 
134.443183 
27.343769 
383.053231 
121.852989 
35.461649 
305.145667 
67.374056 
172.122666 
47.646940 
27.984393 
139.910983 
305.105403 
12.985158 
37.465589 
186.107371 
27.679283 
28.395550 
271.669965 
138.963293 
93.966308 
95.727927 
158.855733 
20.686490 
89.629392 
193.461868 
107.858357 
113.111788 
127.727706 
97.219467 
4.533110 
171.552644 
120.874062 
79.570893 
10.090576 
160.308048 
176.159971 
136.331829 
30.547042 
14.240050 
282.086938 
28.669894 
332.015168 
18.683526 
37.965486 
97.222264 
41.127487 
78.910863 
48.891790 
6.137602 
27.042015 
83.542103 
236.625191 
154.962200 
32.751519 
38.195086 
360.138824 
73.463275 
150.826166 
105.787382 
382.884568 
145.265940 
25.638743 
21.476955 
1.203566 
29.090154 
70.185491 
10.840839 
91.684394 
53.674602 
51.987351 
187.343989 
103.699216 
51.607941 
98.733823 
182.257335 
236.536452 
314.013542 
111.481829 
128.073028 
61.233636 
167.479148 
39.156012 
15.211015 
241.280602 
256.206301 
131.941124 
130.738914 
123.868105 
189.632441 
327.982783 
298.220630 
270.900570 
118.175389 
105.344555 
361.020208 
187.765236 
50.900970 
244.812965 
130.243001 
69.395406 
93.875772 
91.806244 
182.890294 
287.037779 
145.608672 
87.808573 
436.091336 
133.145170 
23.186357 
71.635586 
76.860136 
180.849094 
42.686703 
389.324907 
40.483184 
219.674465 
18.091605 
444.167368 
82.763916 
16.878614 
229.205296 
95.620950 
59.479080 
6.501081 
59.936662 
136.918643 
77.426379 
260.219858 
37.608306 
40.868449 
153.092914 
57.473574 
143.630823 
114.607576 
159.322854 
12.597017 
7.619545 
105.560993 
66.346211 
236.720370 
87.747271 
8.518588 
16.033840 
101.706618 
39.420198 
78.093602 
135.813957 
148.836320 
193.745980 
68.417805 
32.289384 
145.962893 
186.683343 
70.050427 
77.224149 
224.007491 
48.344322 
176.935231 
114.655184 
56.559461 
110.135140 
505.737137 
244.878556 
12.014674 
233.886353 
16.816035 
316.488688 
110.219971 
98.658772 
108.514281 
45.741631 
91.841369 
172.270503 
200.249385 
148.000695 
26.705020 
42.127238 
88.111335 
188.914784 
266.445904 
209.366498 
1.174715 
71.917416 
127.876307 
56.675942 
237.194208 
5.177279 
75.135625 
197.312022 
201.296736 
49.911290 
420.182777 
79.705475 
134.206353 
333.453059 
62.785755 
12.827361 
58.760275 
214.636323 
9.915089 
18.887806 
108.877876 
103.520205 
103.300508 
114.350733 
364.845527 
9.929825 
50.591269 
98.489970 
172.314408 
90.118081 
142.045780 
251.950701 
117.675114 
445.526813 
28.949975 
144.144370 
13.259919 
199.911240 
266.648869 
20.054616 
418.701537 
258.058059 
429.219902 
292.487045 
222.995182 
251.715042 
310.499926 
68.123259 
186.632265 
16.193598 
53.958317 
139.289297 
10.471828 
77.959928 
204.459755 
417.838557 
58.378494 
50.165695 
98.416639 
123.618338 
271.811095 
194.349231 
45.023593 
24.723850 
119.666933 
21.544249 
19.013386 
58.343699 
24.773481 
258.608306 
40.028927 
41.411197 
167.561649 
78.542108 
337.431434 
71.191135 
270.066856 
6.953899 
86.215768 
359.368324 
276.315700 
17.116185 
94.651729 
250.157607 
98.120043 
28.322931 
156.109221 
90.910431 
13.675727 
47.368529 
55.081638 
64.264089 
120.629145 
95.017978 
1.614425 
25.358583 
87.746563 
133.484618 
321.829970 
156.658009 
39.400750 
179.527199 
46.546408 
117.050604 
354.276276 
117.643948 
2.152937 
34.811378 
183.782964 
113.686981 
14.029312 
122.046944 
18.481630 
20.937703 
35.262102 
42.074992 
62.296480 
67.984313 
149.549995 
55.596778 
26.811514 
295.567112 
187.549027 
48.648952 
180.590677 
21.230783 
35.824123 
305.257639 
40.919242 
34.993045 
0.920898 
39.281160 
63.421035 
564.694595 
14.089001 
35.311861 
95.354154 
4.813935 
76.497790 
184.382282 
49.054136 
156.295979 
27.401883 
190.016307 
94.153370 
192.706964 
120.637298 
39.798015 
35.874860 
182.197673 
17.574545 
28.938719 
434.667616 
123.576783 
176.357929 
396.076936 
123.798535 
34.408106 
62.103117 
181.704642 
87.474818 
31.237312 
42.865993 
500.534056 
26.701189 
313.389149 
261.324049 
409.221297 
63.517978 
15.456604 
114.775581 
15.633602 
117.931176 
19.455755 
137.888076 
212.761359 
218.768507 
65.178031 
720.660505 
85.742768 
269.015770 
14.302574 
16.894444 
178.474253 
230.533928 
2.442074 
329.099906 
137.152623 
63.079148 
70.015369 
271.939529 
19.021672 
173.791651 
88.102484 
12.644082 
23.336250 
12.760194 
23.971768 
129.399015 
33.293865 
254.410607 
13.030575 
11.010035 
68.455360 
375.819775 
46.394629 
121.344102 
41.552331 
80.473050 
149.950394 
133.343101 
20.790875 
75.999487 
62.300742 
142.543154 
80.005941 
22.698323 
227.842682 
78.033063 
19.755465 
138.377196 
78.266244 
120.522574 
17.948632 
152.429017 
170.406731 
186.744008 
92.941196 
31.390709 
40.979077 
199.310732 
5.965810 
309.878212 
108.445806 
272.033729 
220.049380 
79.824278 
107.380957 
220.781910 
825.222660 
209.447923 
130.752061 
13.704855 
147.932287 
218.273219 
14.059511 
570.040826 
144.369611 
379.209105 
100.258541 
35.172627 
84.726547 
251.592623 
99.107876 
34.560941 
112.904236 
28.042951 
221.850107 
104.464109 
75.774669 
30.558941 
27.724575 
134.419950 
188.745049 
460.749123 
21.920806 
164.382357 
168.618969 
262.438609 
358.544015 
43.824263 
358.269930 
33.039678 
59.473665 
127.242984 
162.708824 
132.113518 
1.689259 
11.786137 
230.438161 
183.169823 
13.753101 
230.725831 
7.905712 
111.788638 
20.292383 
72.932319 
29.273569 
17.762685 
67.550395 
96.913367 
7.766900 
16.953677 
197.330257 
125.073218 
276.364239 
121.565663 
43.347002 
483.403626 
144.210663 
47.411693 
183.129671 
34.541307 
327.220428 
296.564552 
122.177005 
38.686398 
32.278250 
27.605724 
284.506460 
67.241453 
303.525168 
55.702236 
93.763871 
155.020917 
317.805332 
207.384103 
109.631549 
73.046356 
48.794348 
307.801828 
33.099216 
163.075184 
2.841750 
41.518163 
104.622456 
10.587127 
40.963157 
5.777863 
173.065922 
49.563498 
18.369760 
68.952943 
135.329224 
241.788610 
25.784900 
15.946082 
90.139328 
40.005747 
23.514665 
114.599205 
298.806322 
30.944665 
119.989256 
61.445061 
119.014142 
21.389588 
590.116919 
358.297598 
278.642221 
415.010128 
362.712757 
25.542810 
22.650355 
234.136949 
89.110631 
30.168380 
44.562388 
89.555892 
280.946897 
270.189575 
75.496710 
42.692998 
26.060063 
38.795159 
128.203752 
61.313624 
66.323601 
63.930687 
41.040052 
34.547736 
29.110777 
215.294500 
53.053735 
234.216946 
91.586196 
248.292665 
142.252456 
124.037120 
18.801833 
15.663203 
8.892431 
161.391649 
34.577923 
79.964771 
16.135577 
187.371871 
95.813519 
93.524668 
59.522053 
25.719275 
130.867728 
102.384213 
293.610701 
914.844750 
262.637156 
22.150265 
1028.402741 
85.166255 
91.663651 
35.238973 
93.239889 
7.263177 
129.873500 
179.373080 
179.147225 
134.750397 
317.170196 
22.584444 
57.241305 
16.720427 
20.308716 
42.946983 
210.551799 
42.721304 
108.188454 
298.932556 
173.237496 
213.346076 
107.691159 
24.391468 
232.266998 
27.522495 
4.669098 
146.097547 
97.336331 
135.342965 
53.260676 
7.561541 
88.655644 
140.500030 
302.733780 
232.683424 
174.439951 
62.279674 
310.489484 
235.172437 
113.877994 
25.528546 
177.891948 
144.304774 
95.336936 
26.884050 
79.528735 
72.346238 
17.211566 
51.697991 
88.275446 
55.542524 
121.312859 
129.184758 
252.572182 
93.482804 
155.304384 
36.852514 
81.834602 
4.620593 
186.458362 
184.868582 
190.783631 
494.830861 
108.846339 
313.131599 
55.294357 
13.378916 
193.557301 
409.060745 
116.914412 
26.776628 
21.617002 
177.846311 
522.325898 
143.322689 
110.344167 
64.216712 
96.846804 
18.679578 
86.703097 
197.669144 
111.093614 
62.589753 
119.502453 
54.144161 
133.782994 
145.885578 
0.045704 
87.568310 
67.239294 
105.865248 
444.228922 
69.907310 
188.600030 
60.316259 
358.811243 
36.458611 
103.424608 
99.281269 
128.707562 
94.870165 
62.317274 
419.402928 
20.248538 
227.785585 
399.036602 
68.766000 
75.383327 
20.687355 
21.894666 
165.716787 
45.369740 
302.381020 
152.544900 
408.770340 
75.776505 
119.072034 
179.162961 
53.765082 
681.846558 
85.347144 
60.197695 
189.605544 
96.158014 
358.035413 
184.489676 
80.654752 
28.673701 
52.412588 
361.848060 
261.352208 
264.462671 
199.571634 
195.849247 
60.895189 
74.023568 
134.911714 
58.565995 
206.845819 
44.566579 
122.518572 
121.994923 
87.561232 
78.371351 
162.742437 
84.327625 
139.634128 
27.967076 
175.896676 
264.039396 
72.580627 
641.728862 
88.045460 
183.989727 
69.797371 
36.136501 
30.365876 
33.399711 
256.927318 
48.605760 
174.135910 
70.546982 
25.018796 
337.247511 
44.227497 
136.612342 
88.591335 
144.624015 
127.752308 
236.384355 
262.020301 
64.003457 
69.799314 
74.733581 
135.623126 
29.192425 
147.038919 
19.376124 
142.531644 
169.920973 
371.258888 
79.760878 
44.406442 
178.877371 
105.204977 
64.879808 
79.231724 
35.756214 
227.042126 
33.749719 
142.445993 
68.689682 
3.901400 
190.399031 
41.784656 
39.094700 
132.068412 
74.232394 
129.093231 
152.760028 
123.993712 
209.072915 
20.973063 
453.016609 
23.916638 
86.370357 
124.555170 
41.696475 
81.906234 
26.787648 
23.511527 
24.520186 
184.697781 
46.374160 
13.754824 
527.751998 
15.033233 
239.264695 
95.352119 
18.706645 
192.276467 
80.432133 
207.385046 
244.611125 
466.156230 
31.853491 
98.539942 
28.182338 
164.317421 
71.982058 
49.774364 
52.633291 
225.183275 
109.915214 
71.847226 
78.039795 
40.382431 
92.216020 
114.487720 
298.962663 
320.785109 
29.765441 
69.538947 
148.128827 
88.935501 
33.894597 
105.559355 
15.733856 
80.484003 
554.538027 
105.507270 
37.672080 
129.775376 
383.783418 
77.761949 
48.117661 
24.579751 
11.228182 
47.532833 
111.637377 
358.788587 
80.728051 
147.935276 
131.612555 
189.799906 
507.514347 
79.083344 
10.013223 
143.839638 
63.497924 
71.047904 
11.287924 
46.664182 
6.620929 
189.425218 
309.005039 
438.932063 
146.321809 
28.578981 
119.664446 
292.879556 
53.900164 
68.075815 
604.728086 
634.857006 
548.007986 
121.519912 
97.047132 
52.904165 
32.579638 
129.687120 
