0.450981 0.538939 0 
0.914967 0.535484 0 
1.031377 0.534620 0 
1.512132 0.531069 0 
1.554119 0.530760 0 
1.698954 0.529695 0 
1.884654 0.528334 0 
2.206314 0.525983 0 
2.208141 0.525970 0 
2.314745 0.525193 0 
2.338277 0.525022 0 
2.563517 0.523385 0 
3.044214 0.519909 0 
3.382738 0.517474 0 
3.706221 0.515159 0 
4.234313 0.511401 0 
4.267024 0.511170 0 
5.077131 0.505461 0 
5.166696 0.504834 0 
5.295554 0.503933 0 
5.576160 0.501976 0 
5.626523 0.501626 0 
5.754137 0.500739 0 
5.860707 0.000000 0 
6.195111 0.000000 0 
6.468699 0.000000 0 
6.756441 0.000000 0 
7.003051 0.000000 0 
7.854668 0.000000 0 
7.857445 0.000000 0 
8.024200 0.000000 0 
8.441266 0.000000 0 
8.529155 0.000000 0 
8.835476 0.000000 0 
9.236306 0.000000 0 
9.646870 0.000000 0 
9.781337 0.000000 0 
9.782987 0.000000 0 
10.550809 0.000000 0 
12.012906 0.000000 0 
12.230071 0.000000 0 
12.822677 0.000000 0 
12.887748 0.000000 0 
12.997475 0.000000 0 
13.038509 0.000000 0 
13.066816 0.000000 0 
13.345116 0.000000 0 
13.628663 0.000000 0 
14.455386 0.000000 0 
15.108005 0.000000 0 
15.136271 0.000000 0 
16.145707 0.000000 0 
16.204040 0.000000 0 
16.695330 0.000000 0 
16.708877 0.000000 0 
16.862697 0.000000 0 
17.084263 0.000000 0 
17.404686 0.000000 0 
18.244330 0.000000 0 
18.256150 0.000000 0 
18.888497 0.000000 0 
19.201753 0.000000 0 
19.851693 0.000000 0 
19.917869 0.000000 0 
20.063733 0.000000 0 
20.128203 0.000000 0 
20.142516 0.000000 0 
20.284667 0.000000 0 
20.388458 0.000000 0 
20.774664 0.000000 0 
21.045505 0.000000 0 
21.048169 0.000000 0 
21.116819 0.000000 0 
21.215644 0.000000 0 
21.386312 0.000000 0 
21.768120 0.000000 0 
22.129339 0.000000 0 
22.451276 0.000000 0 
22.759826 0.000000 0 
22.893899 0.000000 0 
23.053784 0.000000 0 
23.090146 0.000000 0 
23.541036 0.000000 0 
23.567132 0.000000 0 
23.576932 0.000000 0 
23.814182 0.000000 0 
24.087094 0.000000 0 
24.379551 0.000000 0 
24.488086 0.000000 0 
24.528993 0.000000 0 
25.050934 0.000000 0 
25.333199 0.000000 0 
26.001034 0.000000 0 
26.036492 0.000000 0 
26.638077 0.000000 0 
26.666372 0.000000 0 
26.840702 0.000000 0 
26.846848 0.000000 0 
26.989572 0.000000 0 
27.026227 0.000000 0 
27.032828 0.000000 0 
27.108244 0.000000 0 
27.462505 0.000000 0 
28.420516 0.000000 0 
28.597753 0.000000 0 
28.706000 0.000000 0 
29.135727 0.000000 0 
29.490802 0.000000 0 
29.528239 0.000000 0 
29.560447 0.000000 0 
29.610700 0.000000 0 
29.737488 0.000000 0 
29.855060 0.000000 0 
30.631336 0.000000 0 
30.721655 0.000000 0 
30.768106 0.000000 0 
31.263356 0.000000 0 
31.857953 0.000000 0 
31.916525 0.000000 0 
31.928410 0.000000 0 
32.541212 0.000000 0 
33.355845 0.000000 0 
33.412957 0.000000 0 
33.574888 0.000000 0 
33.641247 0.000000 0 
33.662942 0.000000 0 
33.677373 0.000000 0 
34.616665 0.000000 0 
35.120804 0.000000 0 
35.454907 0.000000 0 
35.563796 0.000000 0 
35.930997 0.000000 0 
36.049489 0.000000 0 
36.563857 0.000000 0 
36.707775 0.000000 0 
36.866715 0.000000 0 
37.274157 0.000000 0 
37.504783 0.000000 0 
37.542028 0.000000 0 
37.799344 0.000000 0 
37.806244 0.000000 0 
38.155769 0.000000 0 
38.295544 0.000000 0 
38.490454 0.000000 0 
38.510352 0.000000 0 
38.582535 0.000000 0 
38.978815 0.000000 0 
39.063657 0.000000 0 
39.721521 0.000000 0 
39.874691 0.000000 0 
40.212402 0.000000 0 
40.889058 0.000000 0 
41.053395 0.000000 0 
41.436337 0.000000 0 
41.496069 0.000000 0 
42.128739 0.000000 0 
42.201480 0.000000 0 
42.403462 0.000000 0 
42.554420 0.000000 0 
42.764195 0.000000 0 
42.803395 0.000000 0 
43.092623 0.000000 0 
43.714183 0.000000 0 
43.852469 0.000000 0 
43.884741 0.000000 0 
43.984169 0.000000 0 
44.014798 0.000000 0 
44.039364 0.000000 0 
44.129110 0.000000 0 
44.473495 0.000000 0 
45.015151 0.000000 0 
45.408221 0.000000 0 
45.520518 0.000000 0 
45.723712 0.000000 0 
46.164169 0.000000 0 
46.207798 0.000000 0 
46.469371 0.000000 0 
46.536221 0.000000 0 
47.208539 0.000000 0 
47.241519 0.000000 0 
47.526303 0.000000 0 
47.696099 0.000000 0 
48.110708 0.000000 0 
48.427829 0.000000 0 
48.554620 0.000000 0 
48.652638 0.000000 0 
48.813545 0.000000 0 
48.900820 0.000000 0 
49.970008 0.000000 0 
50.482508 0.000000 0 
50.707217 0.000000 0 
51.256086 0.000000 0 
51.258495 0.000000 0 
51.473909 0.000000 0 
51.487491 0.000000 0 
51.550806 0.000000 0 
51.557172 0.530738 0 
52.101258 0.526750 0 
52.424501 0.524394 0 
52.615176 0.523010 0 
52.644139 0.522800 0 
52.733057 0.522156 0 
52.835736 0.521413 0 
52.949578 0.520591 0 
53.082430 0.519633 0 
53.228396 1.037166 0 
53.397514 1.034737 0 
53.434633 1.034205 0 
53.486019 1.033468 0 
55.143280 1.009995 0 
55.208460 1.009083 0 
55.416853 1.006172 0 
55.709008 1.002105 0 
55.860707 1.000000 1 
56.153019 0.995956 1 
56.740848 0.987873 1 
56.902443 0.985662 1 
57.196201 0.981656 1 
57.471785 0.977913 1 
57.976662 0.971093 1 
58.114977 0.969232 1 
58.908438 0.958630 1 
59.272275 0.953807 1 
59.799200 0.946865 1 
59.943219 0.944976 1 
60.221758 0.941334 1 
60.241489 0.941077 1 
60.243165 0.941055 1 
61.518004 0.924570 1 
61.767145 0.921382 1 
61.905319 0.919619 1 
62.104919 0.917078 1 
62.125629 0.916814 1 
62.252389 0.915205 1 
62.419536 0.913086 1 
62.497971 0.912094 1 
63.149019 0.903899 1 
63.181607 0.903491 1 
63.206344 0.903181 1 
63.315830 0.901811 1 
63.358886 0.901273 1 
63.371836 0.901111 1 
63.748653 0.896416 1 
63.777595 0.896057 1 
63.790002 0.895903 1 
64.024371 0.892997 1 
64.047571 0.892710 1 
64.071926 0.892408 1 
64.124163 0.891762 1 
64.169394 0.891203 1 
64.300240 0.889588 1 
64.420634 0.888105 1 
64.509828 0.887007 1 
64.742836 0.884147 1 
64.975027 0.881305 1 
65.009842 0.880880 1 
65.201630 0.878541 1 
65.211044 0.878426 1 
65.373924 0.876445 1 
65.843699 0.870756 1 
66.155740 0.866997 1 
66.178196 0.866727 1 
66.342532 0.864755 1 
66.403367 0.864026 1 
66.697479 0.860510 1 
67.391905 0.852266 1 
67.590911 0.849918 1 
67.623203 0.849538 1 
69.143002 0.831826 1 
69.152676 0.831715 1 
69.475577 0.828000 1 
69.627743 0.826255 1 
69.967459 0.822373 1 
70.424381 0.817180 1 
70.515184 0.816152 1 
71.317617 0.807124 1 
71.957926 0.799991 1 
72.271011 0.796526 1 
72.661045 0.792231 1 
73.839100 0.779398 1 
74.177952 0.775745 1 
74.198877 0.775520 1 
74.241458 0.775063 1 
74.982286 0.767144 1 
75.202187 0.764808 1 
75.333881 0.763413 1 
75.537770 0.761259 1 
75.569333 0.760926 1 
75.597552 0.760628 1 
75.789912 0.758602 1 
76.129778 0.755037 1 
76.129975 0.755035 1 
76.290473 0.753357 1 
76.562018 0.750526 1 
76.607710 0.750051 1 
76.647149 0.749641 1 
76.784692 0.748213 1 
76.871777 0.747310 1 
77.727500 0.738497 1 
77.785235 0.737906 1 
77.990656 0.735808 1 
78.400352 0.731641 1 
78.659622 0.729016 1 
78.853285 0.727061 1 
79.087462 0.724705 1 
79.375331 0.721818 1 
79.799279 0.717588 1 
79.904909 0.716538 1 
80.397157 0.711665 1 
80.517084 0.710483 1 
80.523465 0.710420 1 
80.588953 0.709776 1 
80.596616 0.709700 1 
80.746590 0.708226 1 
81.116613 0.704603 1 
81.230121 0.703495 1 
81.467946 0.701179 1 
81.528456 0.700591 1 
82.250640 0.693612 1 
82.491453 0.691301 1 
82.726311 0.689054 1 
83.220991 0.684344 1 
83.742643 0.679413 1 
83.931340 0.677638 1 
84.139471 0.675686 1 
84.380678 0.673430 1 
84.584590 0.671529 1 
84.596821 0.671415 1 
84.611136 0.671282 1 
84.641972 0.670995 1 
84.665765 0.670774 1 
84.933773 0.668287 1 
85.030600 0.667390 1 
85.105449 0.666698 1 
85.322284 0.664697 1 
85.324405 0.664677 1 
85.537371 0.662718 1 
85.956095 0.658882 1 
86.175925 0.656877 1 
86.265368 0.656063 1 
86.357840 0.655223 1 
86.497324 0.653957 1 
86.731826 0.651835 1 
86.856464 0.650709 1 
87.074525 0.648745 1 
87.136317 0.648190 1 
87.605159 0.643990 1 
87.823711 0.642042 1 
87.832524 0.641964 1 
88.063618 0.639910 1 
88.087110 0.639702 1 
88.419972 0.636757 1 
88.537639 0.635719 1 
88.905503 0.632485 1 
89.035365 0.631348 1 
89.260021 0.629385 1 
89.796916 0.624717 1 
89.885625 0.623950 1 
89.977269 0.623158 1 
90.106370 0.622043 1 
90.186495 0.621353 1 
90.418285 0.619359 1 
90.477617 0.618850 1 
90.528891 0.618410 1 
90.727719 0.616708 1 
91.027784 0.614148 1 
91.227571 0.612449 1 
91.265060 0.612131 1 
91.294019 0.611886 1 
91.362678 0.611303 1 
91.648830 0.608883 1 
92.101583 0.605074 1 
92.350845 0.602986 1 
92.491075 0.601815 1 
92.550594 0.601319 1 
92.746789 0.599686 1 
93.012836 0.597478 1 
93.435995 0.593983 1 
93.825266 0.590787 1 
94.091859 0.588607 1 
94.593665 0.584527 1 
95.308708 0.578761 1 
95.519502 0.577072 1 
95.668854 0.575879 1 
96.230398 0.571413 1 
96.666559 0.567969 1 
96.952837 0.565719 1 
97.651517 0.560266 1 
98.303363 0.555226 1 
98.368838 0.554722 1 
98.696588 0.552208 1 
98.817110 0.551286 1 
98.890031 0.550729 1 
99.168873 0.548604 1 
99.291706 0.547670 1 
99.423809 0.546668 1 
99.835609 0.543557 1 
100.061105 0.541860 1 
100.365820 0.539576 1 
100.468212 0.538811 1 
100.605264 0.537788 1 
100.919448 0.535451 1 
100.920985 0.535439 1 
100.937511 0.535316 1 
101.174569 0.533560 1 
101.656775 0.530005 1 
102.312415 0.525210 1 
102.417895 0.524442 1 
103.612512 0.515829 1 
104.234748 0.511398 1 
105.503562 0.502482 1 
105.741637 0.500826 1 
105.860707 1.000000 1 
105.878621 0.999752 1 
106.165186 0.995788 1 
106.206805 0.995214 1 
106.291605 0.994044 1 
106.818414 0.986811 1 
106.906561 0.985606 1 
107.160813 0.982138 1 
107.565801 0.976640 1 
108.142034 0.968869 1 
108.645376 0.962132 1 
108.884017 0.958954 1 
108.901107 0.958727 1 
109.049904 0.956751 1 
109.178541 0.955047 1 
110.805671 0.933745 1 
110.877710 0.932813 1 
111.012524 0.931071 1 
112.158296 0.916399 1 
112.200300 0.915866 1 
112.740766 0.909029 1 
113.739686 0.896528 1 
113.742994 0.896487 1 
114.201974 0.890801 1 
114.240308 0.890327 1 
114.347309 0.889008 1 
114.518859 0.886896 1 
114.696902 0.884710 1 
115.441643 0.875623 1 
116.060909 0.868138 1 
117.401668 0.852151 1 
118.128398 0.843609 1 
118.446598 0.839896 1 
118.550723 0.838684 1 
118.913733 0.834474 1 
119.984150 0.822183 1 
120.134783 0.820468 1 
120.594749 0.815253 1 
120.658596 0.814531 1 
120.711518 0.813934 1 
120.825439 0.812650 1 
120.980354 0.810906 1 
121.023786 0.810418 1 
121.437457 0.805784 1 
121.725588 0.802572 1 
121.961086 0.799956 1 
121.972703 0.799827 1 
121.997618 0.799551 1 
122.223084 0.797056 1 
123.133939 0.787054 1 
123.525339 0.782796 1 
123.746462 0.780400 1 
123.814517 0.779664 1 
123.975136 0.777930 1 
124.058461 0.777031 1 
124.507137 0.772213 1 
124.649801 0.770688 1 
124.960963 0.767370 1 
125.050471 0.766419 1 
125.228091 0.764534 1 
125.455885 0.762123 1 
125.937312 0.757054 1 
126.466060 0.751525 1 
127.114744 0.744797 1 
127.320185 0.742679 1 
127.335647 0.742520 1 
127.545578 0.740362 1 
127.797119 0.737785 1 
127.843117 0.737314 1 
127.917008 0.736560 1 
128.621370 0.729402 1 
128.991382 0.725670 1 
129.310340 0.722469 1 
129.342785 0.722144 1 
129.607238 0.719501 1 
129.908851 0.716499 1 
129.926223 0.716327 1 
130.041287 0.715185 1 
130.052052 0.715078 1 
130.236043 0.713257 1 
130.650707 0.709168 1 
131.062308 0.705133 1 
131.103190 0.704734 1 
131.348342 0.702343 1 
131.766655 0.698282 1 
132.001553 0.696012 1 
132.187610 0.694219 1 
132.197266 0.694126 1 
132.358236 0.692578 1 
132.387481 0.692298 1 
132.624072 0.690031 1 
132.770244 0.688634 1 
133.026274 0.686194 1 
133.094994 0.685541 1 
133.196445 0.684577 1 
134.136285 0.675716 1 
134.187673 0.675235 1 
134.634167 0.671068 1 
134.813586 0.669401 1 
135.554606 0.662560 1 
135.651450 0.661671 1 
135.716826 0.661071 1 
136.140090 0.657204 1 
137.006775 0.649355 1 
137.506353 0.644873 1 
137.570557 0.644299 1 
137.793632 0.642310 1 
137.866747 0.641659 1 
138.155379 0.639097 1 
138.976481 0.631863 1 
140.459763 0.619003 1 
140.502994 0.618632 1 
140.622806 0.617606 1 
141.055837 0.613909 1 
141.421679 0.610804 1 
141.861007 0.607095 1 
142.119679 0.604922 1 
142.161708 0.604569 1 
142.166404 0.604530 1 
142.366944 0.602852 1 
142.886021 0.598529 1 
143.029588 0.597339 1 
143.079925 0.596923 1 
143.507778 0.593392 1 
144.141290 0.588204 1 
144.141899 0.588199 1 
144.301371 0.586900 1 
144.498469 0.585299 1 
144.671557 0.583896 1 
144.879519 0.582215 1 
145.110350 0.580355 1 
145.540610 0.576904 1 
145.978291 0.573414 1 
146.445102 0.569715 1 
146.950326 0.565739 1 
146.955983 0.565694 1 
147.026730 0.565140 1 
147.764758 0.559387 1 
147.972380 0.557779 1 
148.167666 0.556271 1 
148.238131 0.555728 1 
149.056797 0.549457 1 
149.210748 0.548285 1 
149.432490 0.546603 1 
150.189742 0.540895 1 
150.189841 0.540894 1 
150.409370 0.539250 1 
150.968673 0.535085 1 
151.003732 0.534825 1 
151.034696 0.534596 1 
151.385666 0.532001 1 
151.822762 0.528787 1 
152.158833 0.526329 1 
152.336970 0.525031 1 
152.557185 0.523431 1 
153.045091 0.519902 1 
153.116140 0.519390 1 
154.224645 0.511470 1 
154.689355 0.508185 1 
155.559515 0.502092 1 
155.616636 0.501695 1 
155.860707 1.000000 1 
155.862949 0.999969 1 
155.989153 0.998221 1 
156.335033 0.993446 1 
156.339092 0.993390 1 
156.721600 0.988136 1 
156.742709 0.987847 1 
156.999764 0.984333 1 
157.012326 0.984162 1 
157.226892 0.981239 1 
157.461381 0.978054 1 
157.805031 0.973406 1 
157.887228 0.972297 1 
158.527520 0.963705 1 
158.732869 0.960966 1 
158.838174 0.959564 1 
158.928876 0.958358 1 
159.215387 0.954559 1 
159.504284 0.950744 1 
159.923427 0.945235 1 
160.013183 0.944060 1 
160.317677 0.940083 1 
160.648724 0.935779 1 
161.225054 0.928332 1 
161.831524 0.920560 1 
162.355215 0.913901 1 
162.430637 0.912946 1 
162.780186 0.908533 1 
163.316158 0.901807 1 
163.357279 0.901293 1 
163.656810 0.897559 1 
164.766443 0.883857 1 
165.144914 0.879232 1 
165.223825 0.878271 1 
165.582885 0.873910 1 
165.602161 0.873676 1 
165.995075 0.868930 1 
166.173547 0.866783 1 
166.373829 0.864380 1 
166.434942 0.863648 1 
166.477227 0.863142 1 
166.739551 0.860009 1 
166.845804 0.858743 1 
167.124682 0.855429 1 
167.140397 0.855243 1 
167.511039 0.850860 1 
167.526770 0.850674 1 
167.526923 0.850672 1 
167.604452 0.849759 1 
167.780163 0.847691 1 
167.919995 0.846050 1 
167.975414 0.845400 1 
168.011060 0.844982 1 
168.267340 0.841986 1 
168.866463 0.835021 1 
169.043461 0.832975 1 
169.151555 0.831728 1 
169.208695 0.831069 1 
169.371698 0.829193 1 
170.493977 0.816392 1 
170.553048 0.815724 1 
170.883043 0.812001 1 
171.518729 0.804877 1 
171.531160 0.804738 1 
171.753548 0.802261 1 
171.976114 0.799789 1 
172.304294 0.796159 1 
172.352935 0.795622 1 
173.108396 0.787333 1 
173.529889 0.782746 1 
173.545084 0.782581 1 
174.013783 0.777513 1 
174.520331 0.772072 1 
174.732218 0.769808 1 
175.264532 0.764148 1 
175.622892 0.760361 1 
176.153787 0.754785 1 
176.298646 0.753271 1 
176.429321 0.751908 1 
176.666597 0.749439 1 
177.122849 0.744713 1 
177.136820 0.744569 1 
177.220155 0.743709 1 
177.513366 0.740693 1 
178.060346 0.735097 1 
178.730784 0.728297 1 
178.924832 0.726340 1 
179.038959 0.725192 1 
179.213894 0.723435 1 
179.627827 0.719296 1 
179.847707 0.717107 1 
179.962437 0.715967 1 
180.288357 0.712740 1 
180.365200 0.711981 1 
180.546427 0.710194 1 
180.774345 0.707954 1 
181.051844 0.705236 1 
181.080185 0.704959 1 
181.744332 0.698498 1 
181.765547 0.698292 1 
181.913943 0.696857 1 
181.972064 0.696296 1 
182.047510 0.695568 1 
182.255870 0.693562 1 
183.185865 0.684678 1 
183.190186 0.684637 1 
183.225624 0.684300 1 
183.454078 0.682137 1 
184.006727 0.676930 1 
185.014773 0.667537 1 
185.429341 0.663711 1 
185.462239 0.663408 1 
185.783961 0.660456 1 
186.046445 0.658057 1 
186.061963 0.657916 1 
187.731739 0.642861 1 
187.828230 0.642002 1 
188.268431 0.638096 1 
188.625472 0.634946 1 
189.039774 0.631309 1 
189.763197 0.625010 1 
190.567221 0.618082 1 
190.758035 0.616449 1 
191.360467 0.611322 1 
191.855867 0.607138 1 
192.143571 0.604721 1 
192.351375 0.602982 1 
193.538135 0.593143 1 
194.052394 0.588929 1 
194.419821 0.585937 1 
194.784074 0.582986 1 
194.820834 0.582689 1 
196.044449 0.572888 1 
196.067031 0.572709 1 
196.094424 0.572491 1 
196.110133 0.572367 1 
196.527107 0.569068 1 
196.830661 0.566678 1 
196.932317 0.565880 1 
197.327433 0.562789 1 
198.043944 0.557226 1 
199.013746 0.549785 1 
199.100126 0.549127 1 
199.629106 0.545115 1 
200.686905 0.537179 1 
201.179226 0.533526 1 
202.781405 0.521806 1 
202.805728 0.521630 1 
203.403599 0.517325 1 
203.600673 0.515913 1 
203.719765 0.515062 1 
203.981077 0.513200 1 
204.437371 0.509964 1 
204.594259 0.508856 1 
204.628309 0.508616 1 
204.746423 0.507784 1 
204.858922 0.506992 1 
205.269427 0.504115 1 
205.797508 0.500438 1 
205.860707 0.000000 1 
206.328092 0.000000 1 
206.408510 0.000000 1 
206.527089 0.000000 1 
206.932049 0.000000 1 
207.656660 0.000000 1 
208.071884 0.000000 1 
208.367559 0.000000 1 
208.618421 0.000000 1 
208.644454 0.000000 1 
208.684215 0.000000 1 
208.844524 0.000000 1 
209.132020 0.000000 1 
209.334128 0.000000 1 
209.443221 0.000000 1 
210.125340 0.000000 1 
210.303554 0.000000 1 
210.334044 0.000000 1 
210.484682 0.000000 1 
210.613661 0.000000 1 
210.764908 0.000000 1 
210.853726 0.000000 1 
210.857024 0.000000 1 
211.045705 0.000000 1 
211.542776 0.000000 1 
212.044097 0.000000 1 
212.105082 0.000000 1 
212.614884 0.000000 1 
212.672962 0.000000 1 
213.020109 0.000000 1 
213.093078 0.000000 1 
213.961613 0.000000 1 
214.078867 0.000000 1 
214.264219 0.000000 1 
214.321102 0.000000 1 
214.481188 0.000000 1 
214.490989 0.000000 1 
214.535792 0.000000 1 
214.551209 0.000000 1 
214.643832 0.000000 1 
215.089207 0.000000 1 
215.212727 0.000000 1 
215.384988 0.000000 1 
215.398794 0.000000 1 
215.405520 0.000000 1 
215.470940 0.000000 1 
215.886246 0.000000 1 
216.066482 0.000000 1 
216.433891 0.000000 1 
216.444436 0.000000 1 
216.444956 0.000000 1 
216.690981 0.000000 1 
216.821726 0.000000 1 
216.854342 0.000000 1 
216.997270 0.000000 1 
217.077032 0.000000 1 
217.486654 0.000000 1 
217.851511 0.000000 1 
217.872128 0.000000 1 
218.125749 0.000000 1 
218.242469 0.000000 1 
218.635454 0.000000 1 
218.755655 0.000000 1 
219.449095 0.000000 1 
219.640837 0.000000 1 
219.734238 0.000000 1 
220.562248 0.000000 1 
220.823448 0.000000 1 
220.824936 0.000000 1 
220.838579 0.000000 1 
220.929915 0.000000 1 
221.383503 0.000000 1 
221.761438 0.000000 1 
222.063189 0.000000 1 
222.144492 0.000000 1 
222.421820 0.000000 1 
222.976716 0.000000 1 
223.156044 0.000000 1 
223.173169 0.000000 1 
223.308034 0.000000 1 
224.176791 0.000000 1 
224.710070 0.000000 1 
225.372087 0.000000 1 
225.422902 0.000000 1 
225.892066 0.000000 1 
225.980373 0.000000 1 
227.080556 0.000000 1 
227.452297 0.000000 1 
228.750152 0.000000 1 
228.767704 0.000000 1 
228.837690 0.000000 1 
229.358139 0.000000 1 
229.443172 0.000000 1 
230.008562 0.000000 1 
230.123350 0.000000 1 
230.237057 0.000000 1 
230.445723 0.000000 1 
230.769677 0.000000 1 
231.030533 0.000000 1 
231.866380 0.000000 1 
232.117934 0.000000 1 
232.136126 0.000000 1 
232.164167 0.000000 1 
232.245743 0.000000 1 
232.442078 0.000000 1 
232.503929 0.000000 1 
232.877620 0.000000 1 
232.898188 0.000000 1 
233.025233 0.000000 1 
233.160193 0.000000 1 
233.515229 0.000000 1 
233.898102 0.000000 1 
234.021046 0.000000 1 
234.130462 0.000000 1 
234.198865 0.000000 1 
234.610464 0.000000 1 
234.829811 0.000000 1 
235.006697 0.000000 1 
235.051685 0.000000 1 
235.058828 0.000000 1 
235.301606 0.000000 1 
236.058761 0.000000 1 
236.489774 0.000000 1 
236.613565 0.000000 1 
236.717521 0.000000 1 
237.021954 0.000000 1 
237.075756 0.000000 1 
237.112158 0.000000 1 
237.262491 0.000000 1 
238.458882 0.000000 1 
238.555513 0.000000 1 
238.558000 0.000000 1 
238.797920 0.000000 1 
238.808286 0.000000 1 
238.971768 0.000000 1 
239.967644 0.000000 1 
240.199691 0.000000 1 
240.349425 0.000000 1 
240.464382 0.000000 1 
240.771524 0.000000 1 
241.405899 0.000000 1 
241.429889 0.000000 1 
241.607403 0.000000 1 
241.769393 0.000000 1 
242.336311 0.000000 1 
242.655854 0.000000 1 
242.721887 0.000000 1 
243.002749 0.000000 1 
243.251276 0.000000 1 
243.340919 0.000000 1 
244.379769 0.000000 1 
244.395202 0.000000 1 
244.480194 0.000000 1 
244.824679 0.000000 1 
244.868475 0.000000 1 
245.272264 0.000000 1 
245.431552 0.000000 1 
245.523371 0.000000 1 
245.694746 0.000000 1 
245.915462 0.000000 1 
246.022389 0.000000 1 
246.331595 0.000000 1 
246.337190 0.000000 1 
246.377061 0.000000 1 
246.527973 0.000000 1 
246.579264 0.000000 1 
248.067162 0.000000 1 
248.396407 0.000000 1 
248.700168 0.000000 1 
248.736769 0.000000 1 
249.018203 0.000000 1 
249.117316 0.000000 1 
249.467850 0.000000 1 
249.591090 0.000000 1 
250.041321 0.000000 1 
250.379329 0.000000 1 
250.682397 0.000000 1 
251.187752 0.000000 1 
251.739566 0.000000 1 
251.826338 0.000000 1 
252.074605 0.000000 1 
252.267812 0.000000 1 
252.538633 0.000000 1 
252.708285 0.000000 1 
252.872417 0.000000 1 
253.114465 0.000000 1 
253.167853 0.000000 1 
253.204820 0.000000 1 
253.583029 0.000000 1 
253.595791 0.000000 1 
253.684779 0.000000 1 
254.049120 0.000000 1 
254.421894 0.000000 1 
254.456189 0.000000 1 
254.851655 0.000000 1 
255.238386 0.000000 1 
255.331024 0.000000 1 
255.860707 0.000000 1 
256.140326 0.000000 1 
257.044760 0.000000 1 
257.078112 0.000000 1 
258.409516 0.000000 1 
258.458127 0.000000 1 
258.785589 0.000000 1 
258.815822 0.000000 1 
258.949967 0.000000 1 
259.482050 0.000000 1 
259.678401 0.000000 1 
259.762180 0.000000 1 
260.211146 0.000000 1 
260.443152 0.000000 1 
260.575342 0.000000 1 
260.914614 0.000000 1 
261.022645 0.000000 1 
261.189746 0.000000 1 
261.274197 0.000000 1 
261.644793 0.000000 1 
261.729603 0.000000 1 
263.088578 0.000000 1 
263.181113 0.000000 1 
263.451042 0.000000 1 
263.715285 0.000000 1 
263.783084 0.895989 1 
264.595787 0.885951 1 
264.771602 0.883794 1 
264.846924 0.882872 1 
264.875280 0.882525 1 
264.918434 0.881997 1 
264.986960 0.881159 1 
264.994671 0.881065 1 
265.089672 1.759811 1 
265.109550 1.759326 1 
265.210262 1.756872 1 
265.520001 1.749344 1 
265.614082 1.747064 1 
265.926683 1.739509 1 
265.927280 1.739495 1 
265.990357 1.737975 1 
266.015383 1.737372 1 
266.191981 1.733124 1 
266.192209 1.733118 1 
266.768949 1.719317 1 
266.938319 1.715284 1 
267.140891 1.710474 1 
267.375095 1.704930 1 
267.461028 1.702900 1 
267.494758 1.702104 1 
267.501463 1.701946 1 
267.687698 1.697557 1 
267.751622 1.696054 1 
267.951071 1.691371 1 
268.089032 1.688139 1 
268.140012 1.686946 1 
268.386960 1.681181 1 
269.312553 1.659747 1 
269.419155 1.657296 1 
269.670870 1.651523 1 
270.100358 1.641719 1 
270.847028 1.624813 1 
272.011941 1.598784 1 
272.301566 1.592378 1 
272.343219 1.591459 1 
273.171414 1.573291 1 
273.407792 1.568144 1 
274.227622 1.550423 1 
274.337685 1.548059 1 
274.900678 1.536024 1 
275.467602 1.523999 1 
275.588934 1.521438 1 
276.702071 1.498140 1 
276.971326 1.492559 1 
277.190031 1.488040 1 
277.249379 1.486816 1 
277.329217 1.485172 1 
278.146314 1.468444 1 
278.186514 1.467626 1 
278.208958 1.467169 1 
278.209411 1.467160 1 
278.519239 1.460872 1 
279.006350 1.451040 1 
279.695752 1.437238 1 
280.033069 1.430533 1 
280.216623 1.426897 1 
280.279237 1.425659 1 
280.391911 1.423434 1 
280.829054 1.414834 1 
280.894369 1.413554 1 
280.917394 1.413103 1 
281.045204 1.410601 1 
281.169752 1.408168 1 
281.281081 1.405996 1 
281.555768 1.400652 1 
282.478418 1.382851 1 
282.597287 1.380574 1 
282.621478 1.380111 1 
282.637561 1.379804 1 
282.723856 1.378154 1 
283.698552 1.359657 1 
284.064026 1.352786 1 
284.755829 1.339874 1 
284.793947 1.339166 1 
285.445838 1.327119 1 
285.557928 1.325058 1 
285.737835 1.321757 1 
285.756714 1.321412 1 
285.939078 1.318075 1 
286.333133 1.310894 1 
286.457098 1.308644 1 
287.041629 1.298082 1 
287.209351 1.295067 1 
287.240224 1.294513 1 
287.442323 1.290891 1 
287.623578 1.287652 1 
287.629232 1.287551 1 
287.706219 1.286178 1 
287.757853 1.285257 1 
287.775034 1.284951 1 
287.958467 1.281688 1 
288.121460 1.278795 1 
288.233275 1.276814 1 
288.326895 1.275158 1 
288.614712 1.270080 1 
288.889629 1.265249 1 
288.986921 1.263544 1 
289.234566 1.259213 1 
289.307713 1.257937 1 
289.590134 1.253022 1 
289.832764 1.248814 1 
290.410813 1.238847 1 
291.343706 1.222928 1 
291.711770 1.216704 1 
291.853278 1.214320 1 
291.870132 1.214036 1 
292.027614 1.211389 1 
292.205008 1.208413 1 
292.846680 1.197712 1 
293.072874 1.193962 1 
293.278400 1.190565 1 
293.316371 1.189938 1 
294.104523 1.177008 1 
294.475356 1.170972 1 
294.734056 1.166780 1 
294.984153 1.162742 1 
295.097172 1.160922 1 
295.107341 1.160758 1 
295.203874 1.159206 1 
295.600731 1.152846 1 
296.074476 1.145299 1 
296.919806 1.131956 1 
297.035910 1.130136 1 
297.184318 1.127813 1 
297.379093 1.124772 1 
297.522438 1.122539 1 
298.246458 1.111328 1 
298.570764 1.106343 1 
299.836716 1.087096 1 
300.308873 1.080004 1 
300.367420 1.079128 1 
300.479272 1.077456 1 
301.332864 1.064781 1 
301.743013 1.058744 1 
301.865731 1.056944 1 
301.956907 1.055609 1 
302.437820 1.048595 1 
302.515075 1.047473 1 
302.896755 1.041945 1 
302.987789 1.040631 1 
304.258771 1.022456 1 
304.436591 1.019939 1 
304.722998 1.015897 1 
305.025368 1.011648 1 
305.085781 1.010801 1 
305.344492 1.007182 1 
305.860707 2.000000 1 
305.874985 1.999604 1 
306.053588 1.994659 1 
306.471472 1.983137 1 
306.926681 1.970662 1 
307.007565 1.968454 1 
307.189863 1.963485 1 
307.195979 1.963319 1 
307.559670 1.953445 1 
307.562568 1.953367 1 
308.220075 1.935643 1 
308.362836 1.931816 1 
309.003259 1.914741 1 
309.331106 1.906058 1 
309.404943 1.904108 1 
309.456595 1.902745 1 
309.587894 1.899285 1 
309.787146 1.894046 1 
309.890440 1.891336 1 
310.209227 1.882996 1 
310.246615 1.882020 1 
311.617921 1.846580 1 
311.960358 1.837835 1 
312.030955 1.836037 1 
312.237036 1.830799 1 
312.570543 1.822354 1 
312.850829 1.815287 1 
312.855854 1.815160 1 
312.910559 1.813784 1 
313.070798 1.809760 1 
313.350037 1.802768 1 
313.412627 1.801204 1 
313.829331 1.790829 1 
313.978042 1.787141 1 
314.863261 1.765344 1 
315.038542 1.761059 1 
315.123906 1.758976 1 
316.002135 1.737691 1 
316.280091 1.731008 1 
316.478345 1.726257 1 
316.522178 1.725208 1 
316.990483 1.714044 1 
317.661155 1.698182 1 
317.911797 1.692292 1 
318.217927 1.685125 1 
318.385078 1.681225 1 
318.460072 1.679478 1 
318.483476 1.678933 1 
318.572627 1.676859 1 
318.634878 1.675413 1 
318.723161 1.673364 1 
318.904155 1.669170 1 
319.311929 1.659761 1 
319.742357 1.649887 1 
320.833095 1.625127 1 
320.857509 1.624577 1 
321.014937 1.621035 1 
321.456332 1.611146 1 
321.509923 1.609950 1 
321.529667 1.609509 1 
321.754789 1.604494 1 
321.926875 1.600671 1 
322.298166 1.592453 1 
322.792167 1.581585 1 
322.805484 1.581293 1 
323.268180 1.571182 1 
323.362064 1.569139 1 
323.784907 1.559968 1 
324.576014 1.542953 1 
324.671882 1.540904 1 
325.554053 1.522174 1 
326.067888 1.511369 1 
326.105253 1.510587 1 
326.205286 1.508493 1 
326.439269 1.503608 1 
326.813991 1.495818 1 
326.838486 1.495310 1 
327.034784 1.491246 1 
327.080029 1.490311 1 
327.192489 1.487990 1 
327.226819 1.487282 1 
327.301892 1.485734 1 
327.467234 1.482333 1 
327.499037 1.481680 1 
327.652331 1.478534 1 
327.807506 1.475357 1 
328.059065 1.470221 1 
328.537551 1.460501 1 
328.621746 1.458797 1 
328.827965 1.454633 1 
329.029119 1.450582 1 
329.461916 1.441905 1 
329.734684 1.436463 1 
329.756848 1.436021 1 
329.874597 1.433679 1 
330.048476 1.430227 1 
332.141098 1.389333 1 
332.173440 1.388710 1 
332.495755 1.382519 1 
332.533806 1.381790 1 
332.602779 1.380469 1 
332.636334 1.379827 1 
332.762942 1.377407 1 
332.936779 1.374092 1 
333.244880 1.368235 1 
333.416037 1.364993 1 
333.668885 1.360217 1 
333.974836 1.354460 1 
334.480579 1.344997 1 
334.766643 1.339673 1 
334.938300 1.336489 1 
335.235414 1.330996 1 
335.337631 1.329111 1 
335.480101 1.326488 1 
335.481495 1.326463 1 
335.605779 1.324179 1 
335.692453 1.322589 1 
335.937984 1.318095 1 
336.107591 1.315000 1 
336.328386 1.310981 1 
337.279394 1.293810 1 
337.451512 1.290727 1 
337.534590 1.289241 1 
338.095154 1.279261 1 
339.202453 1.259774 1 
339.791542 1.249528 1 
339.880720 1.247984 1 
339.970216 1.246437 1 
339.999976 1.245923 1 
340.439008 1.238363 1 
340.628668 1.235111 1 
340.665988 1.234472 1 
340.844724 1.231417 1 
340.902085 1.230438 1 
341.556231 1.219331 1 
341.909507 1.213374 1 
342.115106 1.209920 1 
342.171455 1.208976 1 
342.733749 1.199588 1 
342.776593 1.198876 1 
342.947058 1.196046 1 
342.977068 1.195549 1 
343.339849 1.189551 1 
343.378698 1.188911 1 
343.755675 1.182714 1 
343.773340 1.182424 1 
344.037865 1.178096 1 
344.081374 1.177385 1 
344.163964 1.176038 1 
344.168831 1.175959 1 
344.578864 1.169293 1 
344.624962 1.168546 1 
344.657108 1.168026 1 
345.230011 1.158786 1 
345.237862 1.158660 1 
345.320694 1.157330 1 
345.417524 1.155777 1 
345.565109 1.153415 1 
345.885644 1.148301 1 
346.448746 1.139372 1 
347.106210 1.129035 1 
347.713856 1.119564 1 
347.779664 1.118543 1 
347.982817 1.115397 1 
348.484319 1.107670 1 
349.019527 1.099482 1 
349.099692 1.098261 1 
349.456263 1.092845 1 
349.645626 1.089980 1 
349.948762 1.085409 1 
349.951674 1.085365 1 
349.961520 1.085217 1 
350.490373 1.077290 1 
350.546434 1.076453 1 
350.720947 1.073852 1 
350.992471 1.069818 1 
351.304636 1.065198 1 
351.337254 1.064716 1 
351.418864 1.063512 1 
351.595052 1.060918 1 
351.779353 1.058211 1 
351.783505 1.058150 1 
351.916756 1.056197 1 
352.341758 1.049992 1 
352.755752 1.043984 1 
353.022388 1.040132 1 
353.151887 1.038266 1 
354.217023 1.023048 1 
354.792246 1.014922 1 
354.829340 1.014400 1 
355.118310 1.010345 1 
355.391127 1.006531 1 
355.447931 1.005739 1 
355.469392 1.005440 1 
355.534025 1.004539 1 
355.860707 1.000000 1 
356.103694 0.996637 1 
356.663408 0.988934 1 
357.102573 0.982931 1 
357.737500 0.974318 1 
357.807488 0.973373 1 
358.093224 0.969525 1 
358.180198 0.968357 1 
358.783868 0.960286 1 
359.230058 0.954365 1 
360.001086 0.944218 1 
360.144500 0.942343 1 
360.345701 0.939718 1 
360.361261 0.939516 1 
360.385593 0.939199 1 
360.449054 1.876746 1 
360.662295 1.871206 1 
360.721209 1.869678 1 
361.570448 1.847796 1 
362.153568 1.832919 1 
362.282205 1.829653 1 
362.610287 1.821350 1 
362.695270 1.819206 1 
362.762076 1.817522 1 
362.809361 1.816331 1 
363.143661 1.807933 1 
363.251306 1.805237 1 
363.668840 1.794818 1 
364.140689 1.783116 1 
364.191082 1.781871 1 
364.359801 1.777708 1 
364.434471 1.775868 1 
364.571556 1.772497 1 
364.798484 1.766929 1 
364.934229 1.763608 1 
365.752071 1.743725 1 
365.938272 1.739230 1 
366.342249 1.729517 1 
366.440304 1.727168 1 
366.976976 1.714365 1 
366.988083 1.714101 1 
367.579429 1.700107 1 
368.036198 1.689376 1 
368.347385 1.682103 1 
368.432112 1.680129 1 
368.531458 1.677817 1 
368.609409 1.676004 1 
368.619471 1.675771 1 
368.793019 1.671744 1 
368.805259 1.671460 1 
370.189153 1.639699 1 
370.558435 1.631326 1 
371.071938 1.619755 1 
371.215441 1.616536 1 
371.557102 1.608897 1 
371.673649 1.606300 1 
372.007218 1.598889 1 
372.123164 1.596321 1 
372.212079 1.594355 1 
372.613473 1.585507 1 
373.224644 1.572131 1 
373.358972 1.569206 1 
373.552783 1.564995 1 
374.123660 1.552659 1 
374.245808 1.550032 1 
374.385387 1.547036 1 
374.445932 1.545738 1 
374.649435 1.541383 1 
375.323604 1.527044 1 
375.555206 1.522149 1 
375.622166 1.520737 1 
375.802623 1.516938 1 
376.433541 1.503728 1 
376.538524 1.501541 1 
376.641620 1.499396 1 
377.327987 1.485197 1 
377.398862 1.483739 1 
377.728429 1.476975 1 
377.900150 1.473463 1 
378.597475 1.459288 1 
378.955467 1.452064 1 
378.981794 1.451534 1 
379.029419 1.450576 1 
379.126817 1.448619 1 
379.278943 1.445567 1 
379.288243 1.445380 1 
379.569374 1.439758 1 
379.613261 1.438883 1 
379.896680 1.433240 1 
380.111026 1.428988 1 
380.115656 1.428896 1 
380.300443 1.425240 1 
380.669653 1.417964 1 
380.707373 1.417223 1 
380.897274 1.413497 1 
380.942905 1.412603 1 
382.465288 1.383103 1 
382.492880 1.382574 1 
382.933668 1.374151 1 
383.156542 1.369912 1 
383.377646 1.365720 1 
384.384431 1.346791 1 
384.895286 1.337286 1 
385.234776 1.331007 1 
385.276056 1.330246 1 
385.645765 1.323446 1 
385.727096 1.321954 1 
385.993737 1.317077 1 
387.002457 1.298787 1 
387.597752 1.288113 1 
387.718049 1.285967 1 
388.962609 1.263970 1 
388.971227 1.263819 1 
389.244785 1.259035 1 
389.669344 1.251647 1 
389.769164 1.249916 1 
390.106739 1.244080 1 
390.124165 1.243780 1 
390.168710 1.243012 1 
390.341127 1.240044 1 
390.349147 1.239906 1 
390.502772 1.237269 1 
390.527996 1.236836 1 
391.087335 1.227283 1 
391.283587 1.223948 1 
391.425182 1.221548 1 
392.881408 1.197135 1 
393.132977 1.192967 1 
393.450837 1.187722 1 
393.950526 1.179523 1 
394.307167 1.173706 1 
394.523674 1.170188 1 
394.589440 1.169122 1 
394.734304 1.166776 1 
395.195456 1.159341 1 
395.414611 1.155824 1 
395.755136 1.150381 1 
396.485441 1.138793 1 
396.696737 1.135462 1 
397.374559 1.124842 1 
397.399512 1.124453 1 
397.744759 1.119084 1 
397.777308 1.118580 1 
398.068542 1.114073 1 
398.412430 1.108774 1 
398.538444 1.106839 1 
398.609474 1.105750 1 
398.825176 1.102448 1 
398.903950 1.101245 1 
399.034375 1.099255 1 
399.760123 1.088251 1 
399.801156 1.087632 1 
399.941033 1.085525 1 
400.104588 1.083067 1 
400.752255 1.073386 1 
400.757458 1.073309 1 
400.844629 1.072012 1 
400.846160 1.071990 1 
400.847810 1.071965 1 
401.719786 1.059085 1 
402.452625 1.048380 1 
402.656078 1.045427 1 
402.765510 1.043842 1 
403.038095 1.039905 1 
403.227706 1.037175 1 
403.302047 1.036107 1 
403.606293 1.031746 1 
403.744848 1.029766 1 
403.837303 1.028447 1 
403.966120 1.026613 1 
404.742776 1.015619 1 
404.780067 1.015094 1 
404.886975 1.013590 1 
405.010312 1.011859 1 
405.224383 1.008860 1 
405.610707 1.003472 1 
405.860707 0.000000 1 
406.210450 0.000000 1 
406.250808 0.000000 1 
406.371643 0.000000 1 
406.993867 0.000000 1 
407.867019 0.000000 1 
407.979120 0.000000 1 
409.074431 0.000000 1 
409.196257 0.000000 1 
409.310884 0.000000 1 
409.549908 0.000000 1 
409.571318 0.000000 1 
409.573069 0.000000 1 
409.851221 0.000000 1 
410.250613 0.000000 1 
410.460931 0.000000 1 
410.667478 0.000000 1 
410.946274 0.000000 1 
411.079236 0.000000 1 
411.259303 0.000000 1 
411.404104 0.000000 1 
412.399065 0.000000 1 
412.506832 0.000000 1 
412.542735 0.000000 1 
413.149262 0.000000 1 
413.169632 0.000000 1 
413.432381 0.000000 1 
413.801115 0.000000 1 
414.207207 0.000000 1 
414.536514 0.000000 1 
414.851378 0.000000 1 
415.316208 0.000000 1 
415.475590 0.000000 1 
415.734262 0.000000 1 
416.084735 0.000000 1 
416.175970 0.000000 1 
416.430598 0.000000 1 
416.682300 0.000000 1 
417.715681 0.000000 1 
418.185667 0.000000 1 
418.597860 0.000000 1 
418.645187 0.000000 1 
418.668095 0.000000 1 
419.047099 0.000000 1 
419.206730 0.000000 1 
419.547496 0.000000 1 
419.669891 0.000000 1 
420.031156 0.000000 1 
420.363166 0.000000 1 
420.435889 0.000000 1 
420.910180 0.000000 1 
420.910526 0.000000 1 
421.206070 0.000000 1 
421.786182 0.000000 1 
422.751557 0.000000 1 
423.046994 0.000000 1 
423.199429 0.000000 1 
423.456675 0.000000 1 
424.109576 0.000000 1 
424.868026 0.000000 1 
424.887845 0.000000 1 
425.042174 0.000000 1 
425.782205 0.000000 1 
425.975352 0.000000 1 
426.060514 0.000000 1 
426.222471 0.000000 1 
426.350939 0.000000 1 
426.460881 0.000000 1 
426.868913 0.000000 1 
427.012777 0.000000 1 
427.208680 0.000000 1 
427.312613 0.000000 1 
427.514679 0.000000 1 
427.575826 0.000000 1 
427.668128 0.000000 1 
428.259488 0.000000 1 
428.760868 0.000000 1 
428.894939 0.000000 1 
429.049020 0.000000 1 
429.053665 0.000000 1 
429.753301 0.000000 1 
430.057775 0.000000 1 
430.084850 0.000000 1 
430.254603 0.000000 1 
430.279463 0.000000 1 
430.723397 0.000000 1 
430.738600 0.000000 1 
431.171348 0.000000 1 
431.180320 0.000000 1 
431.333986 0.000000 1 
431.941690 0.000000 1 
432.021050 0.000000 1 
432.472283 0.000000 1 
432.540521 0.000000 1 
432.777396 0.000000 1 
432.934179 0.000000 1 
433.293332 0.000000 1 
433.516310 0.000000 1 
433.575567 0.000000 1 
433.832762 0.000000 1 
434.087330 0.000000 1 
434.095138 0.000000 1 
434.218608 0.000000 1 
434.244319 0.000000 1 
434.796329 0.000000 1 
435.337634 0.000000 1 
435.900671 0.000000 1 
436.313175 0.000000 1 
436.333005 0.000000 1 
436.827849 0.000000 1 
436.974889 0.000000 1 
437.187843 0.000000 1 
437.285132 0.000000 1 
437.328222 0.000000 1 
437.852023 0.000000 1 
438.588747 0.000000 1 
439.141780 0.000000 1 
439.340841 0.000000 1 
439.654535 0.000000 1 
440.110302 0.000000 1 
440.133918 0.000000 1 
440.175277 0.000000 1 
440.544099 0.000000 1 
441.210239 0.000000 1 
442.077388 0.000000 1 
442.213786 0.000000 1 
442.717711 0.000000 1 
442.759963 0.000000 1 
443.015599 0.000000 1 
443.161880 0.000000 1 
443.261673 0.000000 1 
443.360583 0.000000 1 
443.448107 0.000000 1 
443.594060 0.000000 1 
443.699985 0.000000 1 
446.552200 0.000000 1 
446.728221 0.000000 1 
446.800681 0.000000 1 
447.265359 0.000000 1 
447.540334 0.000000 1 
448.198588 0.000000 1 
448.338205 0.000000 1 
448.348240 0.000000 1 
448.465736 0.000000 1 
449.407943 0.000000 1 
449.462591 0.000000 1 
449.644979 0.000000 1 
449.821915 0.000000 1 
450.086459 0.000000 1 
450.302577 0.000000 1 
450.417854 0.000000 1 
450.641972 0.000000 1 
450.846678 0.000000 1 
450.849073 0.000000 1 
451.018976 0.000000 1 
451.638482 0.000000 1 
451.823170 0.000000 1 
452.292586 0.000000 1 
453.578363 0.000000 1 
453.703195 0.000000 1 
453.881306 0.000000 1 
453.902991 0.000000 1 
453.924405 0.000000 1 
454.183682 0.000000 1 
454.568511 0.000000 1 
454.967376 0.000000 1 
454.969367 0.000000 1 
455.095632 0.000000 1 
455.109988 0.000000 1 
455.542675 0.000000 1 
455.651861 0.000000 1 
455.670608 0.000000 1 
455.696762 0.000000 1 
455.860707 0.000000 1 
456.357883 0.000000 1 
456.519156 0.000000 1 
456.670377 0.000000 1 
456.713990 0.000000 1 
456.752466 0.000000 1 
456.838154 0.000000 1 
457.223721 0.000000 1 
457.272718 0.000000 1 
457.460593 0.000000 1 
457.597565 0.000000 1 
457.619630 0.000000 1 
458.274163 0.000000 1 
458.609401 0.000000 1 
458.677446 0.000000 1 
459.235368 0.000000 1 
459.251956 0.000000 1 
459.431947 0.000000 1 
459.752941 0.000000 1 
460.056300 0.000000 1 
460.284678 0.000000 1 
460.410443 0.000000 1 
461.040784 0.000000 1 
461.405830 0.000000 1 
461.659058 0.000000 1 
461.743991 0.000000 1 
461.782722 0.000000 1 
462.280466 0.000000 1 
462.314302 0.000000 1 
462.874424 0.000000 1 
463.005908 0.000000 1 
463.113412 0.000000 1 
463.165086 0.000000 1 
463.530901 0.000000 1 
463.913778 0.000000 1 
463.997041 0.000000 1 
464.408739 0.000000 1 
464.420572 0.000000 1 
464.504678 0.000000 1 
464.508845 0.000000 1 
464.700783 0.000000 1 
465.263390 0.000000 1 
465.271224 0.000000 1 
465.359661 0.000000 1 
465.377015 0.000000 1 
465.452483 0.000000 1 
466.020375 0.000000 1 
466.239500 0.000000 1 
466.248719 0.000000 1 
468.447600 0.000000 1 
469.330077 0.000000 1 
469.703586 0.000000 1 
470.798059 0.000000 1 
470.927452 0.000000 1 
471.793486 0.000000 1 
472.132581 0.000000 1 
472.452474 0.000000 1 
472.615723 0.000000 1 
472.728187 0.000000 1 
472.788967 0.000000 1 
472.974899 0.000000 1 
473.110896 0.000000 1 
473.128679 0.000000 1 
473.232902 0.000000 1 
473.644735 0.000000 1 
473.873793 0.000000 1 
473.876620 0.000000 1 
474.087584 0.000000 1 
474.714561 0.000000 1 
474.925257 0.000000 1 
474.971132 0.000000 1 
474.998072 0.000000 1 
475.381913 0.000000 1 
475.815422 0.000000 1 
476.047378 0.000000 1 
476.610667 0.000000 1 
476.844932 0.000000 1 
476.906081 0.000000 1 
477.077775 0.000000 1 
477.332762 0.742549 1 
477.445263 0.741392 1 
477.660733 0.739181 1 
478.438869 0.731250 1 
478.775769 0.727843 1 
479.235050 0.723223 1 
479.508836 0.720484 1 
479.648205 0.719093 1 
479.846751 0.717116 1 
479.889959 0.716687 1 
479.902440 0.716563 1 
480.157187 0.714037 1 
480.815945 0.707546 1 
480.817424 0.707531 1 
481.394765 0.701891 1 
481.818221 0.697783 1 
482.236129 0.693752 1 
482.516216 0.691063 1 
482.604055 0.690222 1 
482.810178 0.688253 1 
483.732526 0.679509 1 
483.795564 0.678915 1 
483.847808 0.678423 1 
484.019546 0.676810 1 
484.364293 0.673583 1 
484.441470 0.672863 1 
485.249645 0.665367 1 
485.287314 0.665019 1 
485.990070 0.658572 1 
486.320656 0.655561 1 
486.504463 0.653892 1 
487.012122 0.649307 1 
487.110447 0.648422 1 
487.215417 0.647479 1 
487.334840 0.646408 1 
487.864443 0.641680 1 
488.044020 0.640084 1 
488.275759 0.638031 1 
488.571493 0.635421 1 
488.819857 0.633237 1 
488.844121 0.633024 1 
489.041499 0.631294 1 
489.486169 0.627414 1 
489.775856 0.624900 1 
489.815585 0.624556 1 
489.831369 0.624419 1 
490.154924 0.621625 1 
490.835147 0.615790 1 
491.157170 0.613047 1 
491.635506 0.608996 1 
491.911890 0.606667 1 
492.087714 0.605190 1 
492.195797 0.604284 1 
492.303223 0.603385 1 
492.743259 0.599715 1 
492.823991 0.599044 1 
493.077723 0.596941 1 
493.165231 0.596217 1 
493.235674 0.595635 1 
493.363239 0.594583 1 
494.295714 0.586946 1 
494.584889 0.584598 1 
494.935835 1.163521 1 
494.961329 1.163110 1 
495.030736 1.161991 1 
495.221604 1.158921 1 
495.232695 1.158743 1 
495.271291 1.158123 1 
495.445860 1.155324 1 
495.569348 1.153347 1 
495.696309 1.151319 1 
495.982603 1.146759 1 
496.074515 1.145299 1 
496.261036 1.142341 1 
496.296471 1.141780 1 
496.890477 1.132416 1 
497.206250 1.127470 1 
497.313831 1.125790 1 
497.497298 1.122930 1 
497.588034 1.121519 1 
497.598421 1.121357 1 
497.767038 1.118739 1 
497.982606 1.115401 1 
498.152255 1.112781 1 
498.473388 1.107838 1 
498.590795 1.106036 1 
499.059950 1.098866 1 
499.983743 1.084883 1 
500.200291 1.081631 1 
500.653162 1.074862 1 
500.662648 1.074720 1 
500.726883 1.073764 1 
501.059602 1.068822 1 
501.280369 1.065556 1 
501.314804 1.065048 1 
501.389933 1.063939 1 
501.524560 1.061955 1 
501.617131 1.060593 1 
502.037227 1.054435 1 
502.664035 1.045312 1 
502.701254 1.044773 1 
503.061606 1.039566 1 
503.286376 1.036332 1 
503.780056 1.029264 1 
504.367515 1.020916 1 
504.513740 1.018848 1 
505.040917 1.011430 1 
505.332938 1.007343 1 
505.860707 2.000000 1 
505.899987 1.998911 1 
506.185839 1.991006 1 
506.849702 1.972766 1 
507.374219 1.958474 1 
507.606341 1.952182 1 
507.952969 1.942823 1 
508.182816 1.936643 1 
508.819186 1.919633 1 
509.271474 1.907634 1 
509.887037 1.891425 1 
510.227584 1.882516 1 
510.278575 1.881186 1 
510.600431 1.872811 1 
510.992408 1.862662 1 
511.850152 1.840645 1 
511.907531 1.839181 1 
512.491527 1.824351 1 
512.595622 1.821721 1 
512.829509 1.815823 1 
512.841431 1.815523 1 
512.845063 1.815432 1 
512.975410 1.812154 1 
513.245738 1.805376 1 
513.832959 1.790739 1 
513.943098 1.788007 1 
513.948697 1.787868 1 
514.433822 1.775884 1 
514.516194 1.773858 1 
514.967234 1.762801 1 
515.731784 1.744216 1 
516.176799 1.733488 1 
516.532699 1.724957 1 
516.733625 1.720159 1 
516.894110 1.716336 1 
517.185415 1.709419 1 
519.395036 1.657850 1 
519.425303 1.657154 1 
519.470883 1.656108 1 
519.528838 1.654778 1 
520.365009 1.635707 1 
520.761652 1.626737 1 
521.008863 1.621172 1 
521.314582 1.614315 1 
521.482912 1.610553 1 
521.512599 1.609890 1 
521.662199 1.606555 1 
521.705936 1.605581 1 
521.774324 1.604060 1 
522.105183 1.596719 1 
522.551542 1.586869 1 
522.652166 1.584657 1 
523.285291 1.570810 1 
523.333242 1.569766 1 
523.449926 1.567229 1 
523.779225 1.560090 1 
523.875453 1.558011 1 
523.891635 1.557661 1 
523.955211 1.556289 1 
525.647842 1.520196 1 
526.854411 1.494980 1 
527.022947 1.491491 1 
527.082567 1.490259 1 
527.632429 1.478942 1 
527.636076 1.478867 1 
527.767247 1.476181 1 
528.282469 1.465675 1 
528.478124 1.461704 1 
528.486315 1.461539 1 
528.851275 1.454163 1 
529.096773 1.449222 1 
529.236405 1.446420 1 
529.269292 1.445760 1 
529.381388 1.443515 1 
529.605640 1.439035 1 
529.609431 1.438959 1 
529.626929 1.438610 1 
529.971911 1.431746 1 
530.468320 1.421927 1 
530.859091 1.414245 1 
531.232508 1.406943 1 
531.248821 1.406625 1 
531.499563 1.401744 1 
531.542157 1.400917 1 
531.559770 1.400575 1 
532.056548 1.390962 1 
532.527564 1.381909 1 
532.701299 1.378585 1 
532.752615 1.377605 1 
532.966414 1.373528 1 
533.258538 1.367976 1 
533.693614 1.359750 1 
533.745852 1.358766 1 
534.438404 1.345783 1 
534.742308 1.340125 1 
534.753928 1.339910 1 
535.252976 1.330672 1 
535.431010 1.327392 1 
535.533502 1.325507 1 
535.651593 1.323339 1 
536.207526 1.313179 1 
536.783605 1.302734 1 
536.867168 1.301225 1 
537.044024 1.298039 1 
537.153501 1.296070 1 
537.214710 1.294971 1 
537.398141 1.291682 1 
537.420293 1.291286 1 
537.682363 1.286603 1 
537.903563 1.282664 1 
538.509657 1.271932 1 
539.404403 1.256252 1 
541.595629 1.218665 1 
541.638273 1.217945 1 
542.424114 1.204748 1 
542.523937 1.203082 1 
542.780822 1.198806 1 
542.805509 1.198395 1 
542.947991 1.196031 1 
542.998938 1.195186 1 
543.969976 1.179205 1 
544.266141 1.174374 1 
544.816819 1.165442 1 
545.317111 1.157387 1 
545.567742 1.153373 1 
546.063901 1.145467 1 
546.375948 1.140523 1 
547.113042 1.128928 1 
547.547221 1.122153 1 
547.678086 1.120119 1 
547.781526 1.118514 1 
548.138252 1.112997 1 
548.378740 1.109292 1 
548.802007 1.102802 1 
548.889071 1.101472 1 
548.925141 1.100921 1 
549.050555 1.099009 1 
549.329772 1.094763 1 
549.800296 1.087645 1 
549.835922 1.087108 1 
549.992622 1.084749 1 
550.260100 1.080735 1 
550.522011 1.076818 1 
550.576140 1.076010 1 
551.228684 1.066320 1 
551.243879 1.066095 1 
551.340090 1.064674 1 
551.577202 1.061181 1 
551.636947 1.060302 1 
552.300118 1.050599 1 
552.337932 1.050048 1 
552.880600 1.042178 1 
553.093416 1.039108 1 
553.916205 1.027323 1 
554.155922 1.535872 1 
554.203196 1.534866 1 
554.387287 1.530954 1 
554.628984 1.525833 1 
555.056738 1.516812 1 
555.684155 1.503676 1 
555.685600 1.503646 1 
555.761656 1.502061 1 
555.860707 2.000000 1 
555.985990 1.996529 1 
556.289090 1.988158 1 
556.400155 1.985099 1 
557.132299 1.965053 1 
557.136986 1.964925 1 
557.205573 1.963058 1 
557.208502 1.962978 1 
557.403888 1.957668 1 
557.510919 1.954766 1 
557.652683 1.950928 1 
557.993618 1.941729 1 
558.148316 1.937569 1 
559.135681 1.911229 1 
559.480058 1.902126 1 
559.565516 1.899874 1 
559.977207 1.889062 1 
560.315730 1.880217 1 
560.758686 1.868707 1 
560.836679 1.866688 1 
560.893585 1.865216 1 
561.087846 1.860199 1 
561.205995 1.857155 1 
561.359120 1.853217 1 
561.438917 1.851168 1 
562.037130 1.835880 1 
562.115212 1.833894 1 
562.491517 1.824352 1 
562.650718 1.820330 1 
562.792411 1.816758 1 
562.997053 1.811611 1 
563.103159 1.808948 1 
563.510387 1.798765 1 
563.572639 1.797213 1 
564.231645 1.780869 1 
564.345191 1.778068 1 
564.641854 1.770770 1 
564.662047 1.770275 1 
564.801294 1.766861 1 
564.868034 1.765227 1 
565.439771 1.751291 1 
566.390979 1.728349 1 
566.767709 1.719346 1 
566.814821 1.718224 1 
566.920180 1.715716 1 
566.968942 1.714556 1 
567.628091 1.698961 1 
567.742033 1.696279 1 
567.827119 1.694279 1 
567.843958 1.693884 1 
568.144197 1.686848 1 
568.332816 1.682443 1 
568.572097 1.676872 1 
568.597913 1.676272 1 
568.713201 1.673595 1 
569.464875 1.656246 1 
569.531288 1.654721 1 
570.356499 1.635900 1 
570.427308 1.634295 1 
571.243940 1.615897 1 
571.857103 1.602220 1 
572.210875 1.594381 1 
572.218678 1.594209 1 
572.256335 1.593377 1 
572.295090 1.592521 1 
572.578232 1.586282 1 
573.110028 1.574631 1 
573.114907 1.574524 1 
573.354260 1.569308 1 
573.429152 1.567680 1 
573.514686 1.565822 1 
573.713466 1.561513 1 
573.766514 1.560365 1 
573.997798 1.555370 1 
574.194989 1.551124 1 
574.211118 1.550778 1 
574.760620 1.539009 1 
575.068831 1.532447 1 
575.743906 1.518173 1 
577.076416 1.490386 1 
577.510418 1.481446 1 
577.599197 1.479624 1 
577.652736 1.478526 1 
577.937510 1.472700 1 
578.438802 1.462502 1 
578.448725 1.462300 1 
579.116487 1.448826 1 
579.127186 1.448611 1 
579.410156 1.442940 1 
579.657027 1.438010 1 
579.784876 1.435463 1 
580.041497 1.430366 1 
580.218851 1.426853 1 
580.331056 1.424636 1 
580.398457 1.423305 1 
581.018929 1.411115 1 
581.119321 1.409152 1 
581.131597 1.408913 1 
581.231066 1.406971 1 
581.724626 1.397377 1 
581.746899 1.396946 1 
581.761640 1.396660 1 
581.918472 1.393627 1 
582.078966 1.390530 1 
582.092721 1.390265 1 
582.142154 1.389312 1 
582.709646 1.378425 1 
582.915909 1.374490 1 
583.373932 1.365790 1 
583.721971 1.359216 1 
583.824788 1.357280 1 
584.289196 1.348570 1 
585.381936 1.328295 1 
586.079252 1.315516 1 
586.551515 1.306932 1 
586.689228 1.304439 1 
586.976961 1.299246 1 
587.197798 1.295275 1 
587.263943 1.294088 1 
587.581343 1.288406 1 
587.587845 1.288290 1 
588.000840 1.280935 1 
588.577886 1.270729 1 
588.663333 1.269225 1 
588.869592 1.265601 1 
588.922971 1.264665 1 
589.072915 1.262038 1 
589.191987 1.259957 1 
589.435100 1.255718 1 
589.447035 1.255510 1 
589.657551 1.251851 1 
590.147204 1.243382 1 
590.194825 1.242562 1 
590.262063 1.241404 1 
590.315750 1.240481 1 
590.532308 1.236762 1 
590.928187 1.229993 1 
591.113496 1.226838 1 
591.147308 1.226263 1 
591.243421 1.224630 1 
591.422111 1.221600 1 
591.543505 1.219546 1 
591.736560 1.216286 1 
592.732939 1.199602 1 
592.886373 1.197053 1 
592.997378 1.195212 1 
593.094382 1.193606 1 
593.256119 1.190933 1 
593.422253 1.188193 1 
593.436065 1.187965 1 
593.876203 1.180739 1 
593.946535 1.179588 1 
594.249561 1.174643 1 
594.583422 1.169219 1 
594.727488 1.166887 1 
594.830588 1.165220 1 
594.889286 1.164272 1 
595.195015 1.159348 1 
595.278106 1.158013 1 
595.460131 1.155095 1 
595.667755 1.151775 1 
595.873529 1.148494 1 
596.265166 1.142276 1 
596.374054 1.140553 1 
596.474865 1.138960 1 
596.665544 1.135953 1 
596.711315 1.135233 1 
597.209521 1.127419 1 
597.583884 1.121583 1 
597.709798 1.119627 1 
598.659653 1.104981 1 
598.721810 1.104029 1 
598.898964 1.101321 1 
599.099214 1.098268 1 
599.640224 1.090062 1 
600.018119 1.084366 1 
600.665748 1.074674 1 
600.789782 1.072828 1 
600.823019 1.072334 1 
600.911312 1.071022 1 
600.948031 1.070477 1 
601.604410 1.060780 1 
601.996166 1.055035 1 
602.548977 1.046981 1 
602.804163 1.043283 1 
602.943457 1.041271 1 
603.348072 1.035446 1 
603.581099 1.032107 1 
603.634175 1.031348 1 
603.819323 1.028704 1 
603.971880 1.026531 1 
604.435418 1.019955 1 
605.177515 1.009516 1 
605.402331 1.006375 1 
605.860707 1.000000 1 
605.929728 0.999044 1 
605.992808 0.998170 1 
606.136103 0.996189 1 
606.258235 0.994504 1 
607.130338 0.982553 1 
607.756493 0.974061 1 
608.273193 0.967109 1 
608.372107 0.965784 1 
609.148109 1.910900 1 
609.227881 1.908788 1 
609.382965 1.904688 1 
609.818242 1.893230 1 
610.139555 1.884815 1 
610.241347 1.882157 1 
610.711087 1.869941 1 
610.987382 1.862792 1 
611.388574 1.852460 1 
612.121787 1.833726 1 
612.162792 1.832684 1 
612.186193 1.832090 1 
613.345053 1.802892 1 
614.734745 1.768491 1 
615.216653 1.756716 1 
615.528944 1.749127 1 
615.654462 1.746086 1 
615.765182 1.743408 1 
615.847474 1.741421 1 
615.893545 1.740309 1 
616.073634 1.735969 1 
616.129459 1.734626 1 
616.279254 1.731028 1 
616.360782 1.729073 1 
616.668454 1.721713 1 
616.802985 1.718505 1 
616.957626 1.714825 1 
617.072617 1.712094 1 
617.147123 1.710326 1 
617.474910 1.702572 1 
617.934881 1.691750 1 
618.127535 1.687238 1 
618.350374 1.682034 1 
619.172263 1.662978 1 
620.390226 1.635135 1 
620.401208 1.634886 1 
620.401700 1.634875 1 
620.460779 1.633536 1 
620.673203 1.628733 1 
620.980576 1.621808 1 
621.330536 1.613958 1 
621.903469 1.601190 1 
622.272338 1.593023 1 
622.313754 1.592109 1 
622.488831 1.588249 1 
623.283215 1.570855 1 
623.364298 1.569090 1 
623.413092 1.568029 1 
623.883271 1.557842 1 
624.750924 1.539216 1 
625.079621 1.532218 1 
625.852043 1.515899 1 
625.945079 1.513945 1 
626.415547 1.504103 1 
626.792394 1.496266 1 
627.566056 1.480304 1 
627.811596 1.475273 1 
627.824260 1.475014 1 
627.858366 1.474317 1 
629.044805 1.450267 1 
629.166057 1.447831 1 
629.350047 1.444143 1 
629.395739 1.443228 1 
629.542645 1.440292 1 
629.568304 1.439780 1 
629.716022 1.436834 1 
629.781564 1.435529 1 
629.961473 1.431954 1 
630.022551 1.430742 1 
630.035653 1.430482 1 
630.184508 1.427533 1 
630.272790 1.425787 1 
630.851009 1.414404 1 
632.096451 1.390193 1 
632.315051 1.385986 1 
632.547043 1.381536 1 
632.645690 1.379648 1 
632.771870 1.377237 1 
632.855715 1.375637 1 
633.026333 1.372387 1 
633.347562 1.366289 1 
633.527239 1.362890 1 
633.752380 1.358643 1 
633.982574 1.354314 1 
634.012732 1.353748 1 
634.163294 1.350926 1 
634.170172 1.350797 1 
634.240364 1.349483 1 
634.875047 1.337662 1 
634.896391 1.337266 1 
635.174313 1.332124 1 
635.280031 1.330173 1 
635.488675 1.326331 1 
635.697707 1.322493 1 
635.933831 1.318171 1 
636.103991 1.315065 1 
636.113236 1.314897 1 
636.656705 1.305027 1 
636.816046 1.302148 1 
636.822004 1.302040 1 
636.855596 1.301434 1 
637.065653 1.297650 1 
637.796560 1.284568 1 
637.857390 1.283485 1 
638.007855 1.280811 1 
638.095552 1.279254 1 
638.500719 1.272089 1 
638.677061 1.268983 1 
638.906643 1.264951 1 
639.304381 1.257995 1 
639.488735 1.254784 1 
640.983701 1.229047 1 
641.026094 1.228325 1 
641.357625 1.222693 1 
641.650607 1.217737 1 
642.160994 1.209151 1 
642.193759 1.208602 1 
642.361221 1.205799 1 
642.373143 1.205600 1 
642.873647 1.197264 1 
643.103452 1.193456 1 
643.114102 1.193280 1 
643.140848 1.192837 1 
643.152680 1.192642 1 
643.262908 1.190821 1 
643.577754 1.185634 1 
643.660792 1.184270 1 
643.776431 1.182373 1 
643.802297 1.181949 1 
643.946373 1.179591 1 
644.767966 1.166232 1 
645.280122 1.157981 1 
645.317374 1.157383 1 
645.388013 1.156250 1 
645.472690 1.154894 1 
645.736692 1.150675 1 
645.909602 1.147920 1 
645.980672 1.146790 1 
646.032682 1.145963 1 
646.378388 1.140484 1 
646.848504 1.133076 1 
647.202761 1.127525 1 
647.529584 1.122428 1 
647.533968 1.122359 1 
647.545881 1.122174 1 
647.991306 1.115266 1 
647.992370 1.115250 1 
648.308671 1.110370 1 
648.464433 1.107975 1 
649.066782 1.098762 1 
649.567655 1.091159 1 
649.652232 1.089880 1 
649.937814 1.085574 1 
650.536644 1.076599 1 
651.001066 1.069690 1 
651.017370 1.069448 1 
651.065944 1.068728 1 
652.048497 1.054270 1 
653.117641 1.038759 1 
653.162896 1.038108 1 
654.109669 1.024572 1 
654.452684 1.019711 1 
654.618350 1.017372 1 
655.388245 1.006571 1 
655.860707 2.000000 1 
655.881114 1.999434 1 
655.904088 1.998798 1 
655.995541 1.996265 1 
656.944472 1.970176 1 
657.031979 1.967788 1 
657.159733 1.964306 1 
657.311637 1.960174 1 
657.855220 1.945458 1 
658.176403 1.936815 1 
658.481802 1.928632 1 
658.701844 1.922758 1 
659.133290 1.911292 1 
659.374793 1.904904 1 
659.954667 1.889652 1 
660.199038 1.883262 1 
660.666830 1.871088 1 
660.704421 1.870113 1 
660.963029 1.863421 1 
661.491407 1.849821 1 
661.720522 1.843955 1 
662.073343 1.834958 1 
662.085739 1.834643 1 
662.094067 1.834431 1 
662.256917 1.830295 1 
662.349242 1.827953 1 
662.391591 1.826881 1 
662.469827 1.824900 1 
662.565981 1.822469 1 
663.388140 1.801816 1 
663.404030 1.801419 1 
663.784597 1.791940 1 
663.995687 1.786704 1 
664.008026 1.786398 1 
664.325932 1.778543 1 
664.332772 1.778374 1 
664.350932 1.777926 1 
664.669844 1.770083 1 
665.398421 1.752295 1 
665.545296 1.748731 1 
665.987060 1.738054 1 
666.158567 1.733927 1 
666.192285 1.733116 1 
666.723017 1.720412 1 
666.865519 1.717016 1 
667.400564 1.704328 1 
667.910459 1.692323 1 
668.499100 1.678569 1 
668.538899 1.677643 1 
669.008689 1.666753 1 
669.598413 1.653182 1 
669.710214 1.650622 1 
669.891161 1.646487 1 
669.892606 1.646454 1 
669.999466 1.644017 1 
670.022319 1.643496 1 
670.273109 1.637792 1 
670.642891 1.629418 1 
671.135723 1.618323 1 
671.200854 1.616863 1 
671.276640 1.615165 1 
671.831546 1.602788 1 
672.345588 1.591406 1 
672.665450 1.584365 1 
672.736141 1.582814 1 
672.803078 1.581345 1 
673.013965 1.576729 1 
673.710259 1.561583 1 
673.728616 1.561185 1 
673.953736 1.556321 1 
674.101954 1.553126 1 
674.106325 1.553032 1 
674.346738 1.547865 1 
674.426726 1.546149 1 
674.446127 1.545734 1 
674.469605 1.545230 1 
674.669421 1.540956 1 
675.090868 1.531979 1 
675.177511 1.530140 1 
675.324220 1.527031 1 
675.680330 1.519511 1 
675.687661 1.519357 1 
676.539228 1.501526 1 
676.689511 1.498401 1 
676.834986 1.495382 1 
677.039835 1.491142 1 
677.193488 1.487969 1 
677.305425 1.485662 1 
677.355228 1.484636 1 
678.081188 1.469770 1 
678.694812 1.457320 1 
679.267469 1.445797 1 
679.810807 1.434948 1 
679.906887 1.433038 1 
680.063635 1.429927 1 
680.083128 1.429541 1 
680.088529 1.429434 1 
681.014551 1.411201 1 
681.062969 1.410254 1 
681.130109 1.408942 1 
681.768082 1.396536 1 
681.874122 1.394484 1 
681.934758 1.393313 1 
682.064165 1.390815 1 
682.174004 1.388699 1 
682.433643 1.383710 1 
682.473848 1.382939 1 
682.581182 1.380882 1 
682.794520 1.376805 1 
683.181741 1.369434 1 
683.253607 1.368070 1 
683.907358 1.355727 1 
684.072855 1.352620 1 
684.215698 1.349945 1 
684.539767 1.343893 1 
684.543238 1.343829 1 
685.244922 1.330820 1 
685.500544 1.326113 1 
685.686011 1.322707 1 
686.345249 1.310674 1 
686.887799 1.300853 1 
687.320306 1.293077 1 
687.745362 1.285480 1 
688.027196 1.280467 1 
688.124810 1.278736 1 
688.507254 1.271974 1 
689.437183 1.255681 1 
689.624240 1.252429 1 
689.669707 1.251640 1 
689.743608 1.250359 1 
689.975235 1.246350 1 
690.034885 1.867980 1 
690.230925 1.862910 1 
690.527501 1.855267 1 
690.628034 1.852683 1 
690.730808 1.850045 1 
691.026567 1.842475 1 
691.034998 1.842260 1 
691.236020 1.837133 1 
691.697472 1.825418 1 
691.803984 1.822725 1 
691.834374 1.821957 1 
692.639215 1.801742 1 
693.211889 1.787495 1 
693.319129 1.784839 1 
693.503770 1.780276 1 
693.570421 1.778632 1 
693.611571 1.777618 1 
694.420615 1.757792 1 
694.535455 1.754996 1 
694.629529 1.752708 1 
695.403350 1.734007 1 
695.425375 1.733478 1 
695.772625 1.725153 1 
696.536086 1.706990 1 
697.342092 1.688023 1 
697.362304 1.687550 1 
697.747120 1.678572 1 
697.905850 1.674882 1 
698.073873 1.670985 1 
698.147639 1.669278 1 
698.247555 1.666967 1 
698.745294 1.655504 1 
699.003937 1.649579 1 
699.108377 1.647192 1 
699.135644 1.646570 1 
699.343495 1.641832 1 
699.526851 1.637664 1 
699.610377 1.635769 1 
699.694494 1.633863 1 
699.709782 1.633516 1 
699.822546 1.630965 1 
700.446018 1.616929 1 
700.942251 1.605844 1 
701.469539 1.594148 1 
701.826188 1.586286 1 
701.869193 1.585341 1 
701.930886 1.583985 1 
702.035319 1.581694 1 
702.301895 1.575859 1 
703.852231 1.542352 1 
704.006624 1.539054 1 
704.224326 1.534416 1 
704.567967 1.527124 1 
704.573250 1.527012 1 
704.612847 1.526174 1 
705.071309 1.516505 1 
705.495416 1.507615 1 
705.815780 1.500935 1 
705.860707 3.000000 1 
706.110686 2.989622 1 
706.254108 2.983683 1 
706.722012 2.964392 1 
707.043959 2.951191 1 
707.051576 2.950880 1 
707.073363 2.949989 1 
707.221936 2.943919 1 
707.402832 2.936546 1 
707.720880 2.923627 1 
707.902491 2.916275 1 
708.233648 2.902918 1 
708.253615 2.902114 1 
708.278616 2.901109 1 
708.298320 2.900316 1 
708.416350 2.895575 1 
708.700567 2.884188 1 
708.787343 2.880721 1 
709.523496 2.851472 1 
709.850455 2.838576 1 
710.014909 2.832112 1 
710.596250 2.809380 1 
711.075666 2.790770 1 
711.273179 2.783139 1 
711.514607 2.773840 1 
711.928657 2.757964 1 
712.580886 2.733139 1 
712.778300 2.725670 1 
712.920322 2.720308 1 
713.359543 2.703795 1 
714.547964 2.659615 1 
714.569228 2.658831 1 
715.243341 2.634099 1 
715.469058 2.625870 1 
715.782865 3.485962 1 
716.368363 3.457782 1 
716.751927 3.439445 1 
716.840768 3.435211 1 
717.023674 3.426512 1 
717.322754 3.412334 1 
717.389180 3.409194 1 
717.845515 3.387695 1 
718.236353 3.369389 1 
718.303176 3.366269 1 
718.395530 3.361962 1 
718.502795 3.356967 1 
718.751634 3.345406 1 
719.259889 3.321918 1 
719.420279 3.314540 1 
719.612903 3.305701 1 
719.644814 3.304239 1 
719.693736 3.301998 1 
720.296769 3.274509 1 
720.913090 3.246651 1 
720.954274 3.244798 1 
720.973922 3.243914 1 
721.074511 3.239394 1 
721.564718 3.217455 1 
721.684520 3.212115 1 
722.206154 3.188971 1 
722.767115 3.164268 1 
723.716827 3.122881 1 
723.811853 3.118770 1 
723.834206 3.117804 1 
723.846105 3.117289 1 
723.992676 3.110962 1 
724.401418 3.093384 1 
724.448121 3.091382 1 
724.557322 3.086705 1 
725.765317 3.035445 1 
725.865923 3.031214 1 
726.072542 3.022544 1 
726.122351 3.020458 1 
726.253648 3.014965 1 
726.612192 3.000016 1 
726.676810 2.997330 1 
727.220161 2.974838 1 
727.495854 2.963490 1 
727.797676 2.951116 1 
728.137056 2.937264 1 
728.571092 2.919644 1 
728.837130 2.908896 1 
728.846244 2.908528 1 
729.057189 2.900035 1 
729.161252 2.895854 1 
730.347488 2.848622 1 
730.386425 2.847085 1 
730.518859 2.841863 1 
730.590999 2.839022 1 
730.868082 2.828138 1 
730.896332 2.827031 1 
730.958409 2.824599 1 
731.108647 2.818722 1 
731.459250 2.805055 1 
731.830419 2.790659 1 
732.002443 2.784012 1 
732.063331 2.781663 1 
733.244423 2.736488 1 
733.663872 2.720622 1 
734.084852 2.704791 1 
734.254015 2.698455 1 
734.309152 2.696394 1 
734.560515 2.687014 1 
734.614150 2.685017 1 
734.650628 2.683659 1 
735.343207 2.658016 1 
736.085028 2.630822 1 
736.902482 2.601177 1 
737.050491 2.595845 1 
737.159884 2.591912 1 
737.256320 2.588449 1 
737.359156 2.584761 1 
737.937664 2.564115 1 
738.547774 2.542519 1 
738.579410 2.541404 1 
738.724826 2.536286 1 
738.811513 2.533240 1 
738.900557 2.530115 1 
738.923547 2.529309 1 
739.265001 2.517365 1 
739.516796 2.508593 1 
739.553055 2.507332 1 
739.559245 2.507117 1 
739.976369 2.492661 1 
740.049110 2.490149 1 
740.208154 2.484665 1 
740.463873 2.475872 1 
740.758481 2.465781 1 
741.261083 2.448660 1 
741.322554 2.446574 1 
742.247020 2.415419 1 
742.493396 2.407184 1 
742.592826 2.403868 1 
742.650140 2.401959 1 
742.917912 2.393059 1 
743.133953 2.385902 1 
743.513226 2.373391 1 
743.643873 2.369096 1 
743.710894 2.366896 1 
744.006372 2.357220 1 
744.214524 2.350428 1 
744.443327 2.342985 1 
744.459645 2.342455 1 
744.535345 2.339998 1 
744.810499 2.331089 1 
745.564511 2.306850 1 
745.670380 2.303466 1 
746.025159 2.292165 1 
746.569712 2.274926 1 
746.948611 2.263008 1 
746.989145 2.261737 1 
747.096972 2.258359 1 
747.119237 2.257662 1 
747.348811 2.250488 1 
747.685311 2.240014 1 
747.724518 2.238797 1 
747.885921 2.233793 1 
748.169393 2.225032 1 
748.246382 2.222659 1 
748.344762 2.219630 1 
748.361405 2.219117 1 
748.727130 2.207895 1 
749.332962 2.189429 1 
749.562598 2.182471 1 
749.695347 2.178458 1 
749.978201 2.169932 1 
750.719895 2.147735 1 
750.978656 2.140045 1 
751.111203 2.136116 1 
751.148466 2.135013 1 
751.620846 2.121077 1 
751.965241 2.110975 1 
752.180831 2.104675 1 
752.308916 2.100941 1 
752.546353 2.094037 1 
752.947950 2.082411 1 
753.051319 2.079429 1 
753.077004 2.078689 1 
753.149120 2.076612 1 
753.413123 2.069026 1 
753.499111 2.066561 1 
753.672147 2.061610 1 
753.786254 2.058351 1 
754.244290 2.045323 1 
754.285473 2.044155 1 
754.427518 2.040134 1 
754.563090 2.036303 1 
754.785290 2.030040 1 
755.135940 2.020196 1 
755.180164 2.018958 1 
755.300293 2.015598 1 
755.319281 2.015068 1 
755.425413 2.012105 1 
755.497863 2.010086 1 
755.516358 2.009570 1 
755.860707 1.000000 1 
755.874831 0.999804 1 
756.025908 0.997712 1 
756.051811 0.997354 1 
756.624991 0.989461 1 
756.797870 0.987092 1 
756.976528 0.984650 1 
757.243589 0.981012 1 
757.251713 0.980901 1 
757.582917 0.976408 1 
758.159521 0.968634 1 
758.253268 0.967376 1 
758.326090 0.966400 1 
758.624055 0.962416 1 
758.631375 0.962319 1 
759.116311 0.955871 1 
759.493051 0.950892 1 
759.912275 0.945382 1 
759.933060 0.945109 1 
759.952907 0.944849 1 
760.714117 0.934931 1 
760.906758 0.932438 1 
761.017514 0.931007 1 
761.479242 0.925067 1 
762.007858 0.918312 1 
762.140838 0.916621 1 
762.799458 0.908290 1 
763.196153 0.903309 1 
763.988210 0.893444 1 
764.521588 0.886863 1 
764.648916 0.885298 1 
764.982983 0.881208 1 
765.140344 0.879288 1 
765.291183 0.877451 1 
765.779165 0.871535 1 
765.803305 0.871244 1 
766.055891 0.868198 1 
766.424161 0.863777 1 
766.494821 0.862931 1 
766.498823 0.862883 1 
766.517075 0.862665 1 
767.047803 0.856341 1 
767.318859 0.853130 1 
767.352071 0.852737 1 
767.434712 0.851761 1 
767.667466 0.849017 1 
768.053910 0.844480 1 
768.142521 0.843444 1 
768.521525 0.839024 1 
768.595947 0.838159 1 
768.669872 0.837300 1 
768.955265 0.833994 1 
769.242343 0.830681 1 
769.686210 0.825586 1 
770.313266 0.818440 1 
770.314953 0.818421 1 
770.437797 0.817028 1 
770.483043 0.816516 1 
770.534336 0.815936 1 
770.689195 0.814186 1 
771.639445 0.803531 1 
771.918236 0.800431 1 
772.340680 0.795757 1 
772.521003 0.793771 1 
772.736810 0.791399 1 
773.027694 0.788215 1 
773.385710 0.784312 1 
773.510220 0.782960 1 
773.787563 0.779955 1 
774.138783 0.776167 1 
774.597052 0.771251 1 
774.810265 0.768975 1 
774.915354 0.767856 1 
775.009393 0.766855 1 
775.081239 0.766092 1 
775.232065 0.764492 1 
775.266649 0.764125 1 
775.884357 0.757610 1 
775.948460 0.756937 1 
777.018182 0.745795 1 
777.226218 0.743647 1 
777.321768 0.742663 1 
777.432409 0.741524 1 
777.915025 0.736580 1 
778.034716 0.735359 1 
778.052155 0.735181 1 
778.127237 0.734416 1 
778.403654 0.731607 1 
778.482057 0.730812 1 
778.624352 0.729372 1 
779.020182 0.725381 1 
779.191665 0.723658 1 
779.251161 0.723062 1 
779.787751 0.717703 1 
779.931578 0.716274 1 
780.030594 0.715291 1 
780.365161 0.711981 1 
781.299876 0.702815 1 
781.473184 0.701128 1 
781.971194 0.696305 1 
782.169687 0.694391 1 
782.430999 0.691880 1 
782.650842 0.689775 1 
782.807340 0.688280 1 
783.025980 0.686197 1 
783.128631 0.685221 1 
783.132019 0.685189 1 
783.207523 0.684472 1 
783.269272 0.683886 1 
783.356882 0.683056 1 
783.465503 0.682029 1 
784.192892 0.675186 1 
784.283757 0.674336 1 
784.353615 0.673683 1 
784.492043 0.672391 1 
785.575926 0.662364 1 
785.619077 0.661968 1 
785.912581 0.659280 1 
786.052149 0.658005 1 
786.111484 0.657464 1 
786.285518 0.655880 1 
786.425665 0.654607 1 
786.435915 0.654514 1 
786.517328 0.653776 1 
787.087918 0.648625 1 
787.633307 0.643739 1 
787.850434 0.641804 1 
787.982277 0.640632 1 
788.144030 0.639197 1 
788.196346 0.638734 1 
788.561593 0.635508 1 
788.616794 0.635022 1 
788.676035 0.634501 1 
789.160100 0.630257 1 
789.251465 0.629459 1 
789.521524 0.627107 1 
789.882642 0.623976 1 
790.057484 0.622465 1 
790.610462 0.617711 1 
790.731656 0.616674 1 
790.864393 0.615541 1 
791.232189 0.612410 1 
791.308001 0.611767 1 
791.311905 0.611734 1 
791.613018 0.609186 1 
792.093820 0.605139 1 
792.169888 0.604501 1 
792.224322 0.604045 1 
792.347908 0.603011 1 
792.803662 0.599213 1 
792.941676 0.598068 1 
793.080346 0.596919 1 
793.468722 0.593714 1 
793.631210 0.592378 1 
793.735076 0.591526 1 
794.057654 0.588886 1 
794.101527 0.588528 1 
794.280709 0.587068 1 
794.295340 0.586949 1 
794.413573 0.585988 1 
794.942485 0.581707 1 
795.034763 0.580963 1 
795.038142 0.580936 1 
795.150555 0.580031 1 
795.427192 0.577811 1 
795.525956 0.577021 1 
796.074444 0.572650 1 
796.097302 0.572468 1 
796.874422 0.566334 1 
796.903666 0.566105 1 
797.146269 0.564204 1 
797.401366 0.562212 1 
797.640051 0.560355 1 
797.736355 0.559607 1 
797.778165 0.559283 1 
798.127818 0.556579 1 
798.412325 0.554388 1 
798.498315 0.553727 1 
799.249061 0.547994 1 
799.329702 0.547382 1 
799.330554 0.547376 1 
800.018892 0.542177 1 
800.203527 0.540791 1 
801.333068 0.532389 1 
801.593677 0.530469 1 
801.682490 0.529816 1 
801.756889 0.529270 1 
801.887408 0.528313 1 
802.179530 0.526178 1 
802.371408 0.524780 1 
803.079279 0.519656 1 
803.266666 0.518308 1 
803.318171 0.517938 1 
804.321030 0.510787 1 
804.553024 0.509147 1 
805.096347 0.505326 1 
805.262663 0.504163 1 
805.398287 0.503216 1 
805.635780 0.501562 1 
805.672139 0.501309 1 
805.760629 0.500694 1 
805.860707 0.000000 1 
805.862798 0.000000 1 
806.348955 0.000000 1 
806.379356 0.000000 1 
806.492975 0.000000 1 
806.515222 0.000000 1 
806.803134 0.000000 1 
806.888019 0.000000 1 
806.932767 0.000000 1 
807.482000 0.000000 1 
807.635761 0.000000 1 
807.714749 0.000000 1 
807.772815 0.000000 1 
808.247880 0.000000 1 
808.267694 0.000000 1 
808.513466 0.000000 1 
808.595177 0.000000 1 
808.628323 0.000000 1 
808.629176 0.000000 1 
808.751269 0.000000 1 
809.065708 0.000000 1 
809.129172 0.000000 1 
809.779002 0.000000 1 
809.946460 0.000000 1 
810.314857 0.000000 1 
811.558728 0.000000 1 
811.581772 0.000000 1 
811.882573 0.000000 1 
811.958816 0.000000 1 
811.987106 0.000000 1 
812.095180 0.000000 1 
813.038298 0.000000 1 
813.132593 0.000000 1 
814.479231 0.000000 1 
814.611113 0.000000 1 
815.004142 0.000000 1 
815.169777 0.000000 1 
815.311807 0.000000 1 
815.318254 0.000000 1 
815.699917 0.000000 1 
816.050973 0.000000 1 
816.198568 0.000000 1 
816.732655 0.000000 1 
816.999363 0.000000 1 
818.994153 0.000000 1 
819.051185 0.000000 1 
819.499983 0.000000 1 
819.585799 0.000000 1 
819.792090 0.000000 1 
819.822489 0.000000 1 
819.939865 0.000000 1 
820.057263 0.000000 1 
820.273322 0.000000 1 
820.345612 0.000000 1 
820.781328 0.000000 1 
821.478349 0.000000 1 
822.115757 0.000000 1 
822.540445 0.000000 1 
822.591844 0.000000 1 
822.919181 0.000000 1 
823.116329 0.000000 1 
823.236425 0.000000 1 
823.664519 0.000000 1 
823.796402 0.000000 1 
823.947828 0.000000 1 
824.122750 0.000000 1 
824.129790 0.000000 1 
824.268576 0.000000 1 
824.727581 0.000000 1 
825.500239 0.000000 1 
825.724709 0.000000 1 
826.390694 0.000000 1 
826.550777 0.000000 1 
827.728486 0.000000 1 
827.884467 0.000000 1 
828.105494 0.000000 1 
828.292707 0.000000 1 
828.317196 0.000000 1 
828.766198 0.000000 1 
828.779923 0.000000 1 
828.889478 0.000000 1 
829.107357 0.000000 1 
829.149440 0.000000 1 
829.480836 0.000000 1 
829.511957 0.000000 1 
829.729057 0.000000 1 
829.860551 0.000000 1 
829.926319 0.000000 1 
830.171906 0.000000 1 
830.179412 0.000000 1 
830.376671 0.000000 1 
830.907721 0.000000 1 
831.069652 0.000000 1 
831.558618 0.000000 1 
831.832368 0.000000 1 
832.048934 0.000000 1 
832.813692 0.000000 1 
833.056458 0.000000 1 
833.136415 0.000000 1 
833.175087 0.000000 1 
833.288753 0.000000 1 
833.314016 0.000000 1 
833.787899 0.000000 1 
834.033288 0.000000 1 
834.073733 0.000000 1 
834.458686 0.000000 1 
834.553198 0.000000 1 
835.439916 0.000000 1 
835.865716 0.000000 1 
836.267505 0.000000 1 
836.273908 0.000000 1 
836.332105 0.000000 1 
836.511728 0.000000 1 
836.596290 0.000000 1 
836.906347 0.000000 1 
837.301059 0.000000 1 
837.316683 0.000000 1 
837.668308 0.000000 1 
837.947144 0.000000 1 
838.067001 0.000000 1 
838.115357 0.000000 1 
838.779293 0.000000 1 
839.379091 0.000000 1 
839.851305 0.000000 1 
839.871220 0.000000 1 
840.007255 0.000000 1 
840.039630 0.000000 1 
840.091485 0.000000 1 
840.105961 0.000000 1 
840.157758 0.000000 1 
840.224726 0.000000 1 
840.225613 0.000000 1 
840.274313 0.000000 1 
840.347537 0.000000 1 
840.448739 0.000000 1 
841.027943 0.000000 1 
841.137332 0.000000 1 
841.224470 0.000000 1 
842.432194 0.000000 1 
844.341556 0.000000 1 
844.683341 0.000000 1 
845.035853 0.000000 1 
845.181436 0.000000 1 
845.470459 0.000000 1 
845.756995 0.000000 1 
845.793638 0.000000 1 
845.800918 0.000000 1 
845.825694 0.000000 1 
846.212242 0.000000 1 
846.318544 0.000000 1 
846.779665 0.000000 1 
846.923884 0.000000 1 
847.453766 0.000000 1 
848.089530 0.000000 1 
848.695661 0.000000 1 
848.702575 0.000000 1 
849.131932 0.000000 1 
849.340182 0.000000 1 
849.862396 0.000000 1 
849.883913 0.000000 1 
850.069381 0.000000 1 
850.198648 0.000000 1 
850.605422 0.000000 1 
851.228590 0.000000 1 
852.063860 0.000000 1 
852.218743 0.000000 1 
852.261907 0.000000 1 
852.303140 0.000000 1 
853.155928 0.000000 1 
853.806400 0.000000 1 
853.880390 0.000000 1 
854.112949 0.000000 1 
854.248378 0.000000 1 
854.927507 0.000000 1 
854.970464 0.000000 1 
855.096012 0.000000 1 
855.341817 0.000000 1 
855.411177 0.000000 1 
855.558355 0.000000 1 
855.730262 0.000000 1 
855.860707 0.000000 1 
856.300634 0.000000 1 
856.939393 0.000000 1 
857.087955 0.000000 1 
857.141567 0.000000 1 
857.513845 0.000000 1 
858.445899 0.000000 1 
858.676790 0.000000 1 
858.731159 0.000000 1 
859.013077 0.000000 1 
859.481286 0.000000 1 
859.534108 0.000000 1 
859.759300 0.000000 1 
859.918209 0.000000 1 
860.447449 0.000000 1 
860.663049 0.000000 1 
860.681336 0.000000 1 
860.949084 0.000000 1 
861.020078 0.000000 1 
861.398568 0.000000 1 
861.407110 0.000000 1 
861.702132 0.000000 1 
861.837005 0.000000 1 
862.205420 0.000000 1 
862.733831 0.000000 1 
863.147449 0.000000 1 
863.168778 0.000000 1 
864.021763 0.000000 1 
864.734723 0.000000 1 
864.911117 0.000000 1 
865.801191 0.000000 1 
866.222809 0.000000 1 
866.353029 0.000000 1 
866.447940 0.000000 1 
867.041899 0.000000 1 
867.516014 0.000000 1 
867.801815 0.000000 1 
868.021714 0.000000 1 
868.418297 0.000000 1 
868.443381 0.000000 1 
868.619040 0.000000 1 
868.643866 0.000000 1 
868.720774 0.000000 1 
868.896919 0.000000 1 
869.086693 0.000000 1 
869.300946 0.000000 1 
869.365944 0.000000 1 
869.387298 0.000000 1 
870.228399 0.000000 1 
870.854191 0.000000 1 
870.940882 0.000000 1 
871.131255 0.000000 1 
871.480216 0.000000 1 
871.575396 0.000000 1 
871.699902 0.000000 1 
872.127280 0.000000 1 
872.142272 0.000000 1 
872.234822 0.000000 1 
872.585915 0.000000 1 
872.660309 0.000000 1 
873.747033 0.000000 1 
873.912062 0.000000 1 
874.897134 0.000000 1 
875.331129 0.000000 1 
875.342754 0.000000 1 
875.376287 0.000000 1 
875.538577 0.000000 1 
876.128739 0.000000 1 
876.253598 0.000000 1 
876.711182 0.000000 1 
876.929171 0.000000 1 
877.601043 0.000000 1 
877.673314 0.000000 1 
877.907306 0.000000 1 
878.642180 0.000000 1 
878.652750 0.000000 1 
878.711662 0.000000 1 
878.843337 0.000000 1 
878.881164 0.000000 1 
879.306139 0.000000 1 
879.378248 0.000000 1 
879.493700 0.000000 1 
879.525331 0.000000 1 
879.991038 0.000000 1 
880.016699 0.000000 1 
880.395851 0.000000 1 
880.449860 0.000000 1 
880.483362 0.000000 1 
880.520171 0.000000 1 
880.562561 0.000000 1 
880.741866 0.000000 1 
881.244015 0.000000 1 
881.982399 0.000000 1 
882.324879 0.000000 1 
882.353202 0.000000 1 
882.547090 0.000000 1 
882.561800 0.000000 1 
882.727459 0.000000 1 
883.086288 0.000000 1 
883.368381 0.000000 1 
883.509652 0.000000 1 
884.106894 0.000000 1 
884.116880 0.675898 1 
884.183880 0.675270 1 
884.286718 0.674308 1 
884.317301 0.674022 1 
884.422137 0.673043 1 
884.560811 0.671751 1 
884.632606 0.671082 1 
884.763668 0.669864 1 
885.729127 0.660959 1 
885.897149 0.659421 1 
885.928442 0.659135 1 
886.114788 0.657434 1 
886.479551 0.654118 1 
886.567728 0.653319 1 
886.866443 0.650619 1 
886.985547 0.649546 1 
887.138951 0.648166 1 
887.365029 0.646138 1 
887.400261 0.645822 1 
887.987992 0.640582 1 
888.655680 0.634680 1 
888.768999 0.633683 1 
888.810311 0.633321 1 
889.520557 0.627115 1 
890.126802 0.621867 1 
890.916165 0.615099 1 
890.961487 0.614713 1 
891.471221 0.610384 1 
891.955288 0.606302 1 
892.073051 0.605313 1 
892.586965 0.601016 1 
893.552430 0.593025 1 
893.906757 0.590119 1 
894.587396 0.584578 1 
894.766041 0.583132 1 
895.103568 0.580409 1 
895.277468 0.579012 1 
895.571050 0.576660 1 
895.773795 0.575042 1 
895.804493 0.574797 1 
896.045195 0.572882 1 
896.638646 0.568188 1 
896.832249 0.566665 1 
898.375310 0.554672 1 
898.403090 0.554459 1 
898.575690 0.553134 1 
898.583363 0.553075 1 
899.432126 0.546605 1 
899.454945 0.546433 1 
899.508001 0.546031 1 
900.259710 0.540370 1 
901.072109 0.534319 1 
901.164172 0.533637 1 
901.729204 0.529473 1 
902.811164 0.521591 1 
902.897118 0.520970 1 
903.408007 0.517293 1 
903.711040 0.515125 1 
903.917349 0.513653 1 
904.525340 0.509342 1 
904.833465 0.507171 1 
905.320178 0.503761 1 
905.473529 0.502691 1 
905.484503 0.502614 1 
905.648498 0.501473 1 
905.790548 0.500487 1 
905.860707 0.000000 1 
906.402940 0.000000 1 
906.709804 0.000000 1 
907.119355 0.000000 1 
908.167876 0.000000 1 
908.337107 0.000000 1 
908.477145 0.000000 1 
908.673601 0.000000 1 
908.801088 0.000000 1 
909.114039 0.000000 1 
909.160985 0.000000 1 
909.722605 0.000000 1 
909.782360 0.000000 1 
909.798825 0.000000 1 
909.917845 0.000000 1 
910.007471 0.000000 1 
911.337249 0.000000 1 
911.432343 0.000000 1 
911.586094 0.000000 1 
911.681120 0.000000 1 
911.683663 0.000000 1 
911.799113 0.000000 1 
912.043206 0.000000 1 
912.080091 0.000000 1 
912.129884 0.000000 1 
912.132312 0.000000 1 
912.314170 0.000000 1 
912.396313 0.000000 1 
912.679880 0.000000 1 
913.697375 0.000000 1 
914.204873 0.000000 1 
914.458877 0.000000 1 
915.245789 0.000000 1 
915.513435 0.000000 1 
915.564895 0.000000 1 
915.583490 0.000000 1 
915.877606 0.000000 1 
915.951738 0.000000 1 
916.312866 0.000000 1 
916.365629 0.000000 1 
916.387161 0.000000 1 
916.663244 0.000000 1 
916.837972 0.000000 1 
917.272137 0.000000 1 
917.861508 0.000000 1 
917.882269 0.000000 1 
918.809805 0.000000 1 
918.839280 0.000000 1 
918.882194 0.000000 1 
918.916873 0.000000 1 
919.159452 0.000000 1 
919.322558 0.000000 1 
920.670726 0.000000 1 
920.772626 0.000000 1 
921.222730 0.000000 1 
922.015812 0.000000 1 
922.226350 0.000000 1 
922.300655 0.000000 1 
922.540666 0.000000 1 
922.814903 0.790543 1 
922.850934 0.790148 1 
923.151201 0.786866 1 
923.556440 0.782458 1 
923.676999 0.781151 1 
923.750549 0.780355 1 
924.167823 0.775854 1 
924.170909 0.775821 1 
924.358729 0.773804 1 
924.889805 0.768128 1 
925.527279 0.761369 1 
925.607429 0.760524 1 
925.734178 0.759189 1 
925.883081 0.757623 1 
926.629185 0.749827 1 
926.718979 0.748895 1 
927.234903 0.743557 1 
927.686028 0.738922 1 
927.764502 0.738118 1 
927.927887 0.736448 1 
928.161589 0.734066 1 
928.907417 0.726516 1 
928.994468 0.725639 1 
929.139281 0.724184 1 
929.166476 0.723911 1 
929.471066 0.720861 1 
930.609605 0.709573 1 
930.782938 0.707870 1 
930.963609 0.706099 1 
931.115845 0.704610 1 
931.479514 0.701067 1 
932.510353 0.691119 1 
932.654355 0.689741 1 
933.151368 0.685005 1 
933.152613 0.684993 1 
933.245349 0.684113 1 
933.319674 0.683409 1 
933.453785 0.682139 1 
933.569804 0.681043 1 
933.592529 0.680829 1 
933.832155 0.678571 1 
933.894771 0.677982 1 
933.956612 0.677401 1 
934.187930 0.675232 1 
934.537788 0.671965 1 
934.581395 0.671559 1 
934.686831 0.670578 1 
935.357579 0.664372 1 
935.388680 0.664085 1 
935.404682 0.663938 1 
936.029706 0.658210 1 
936.036621 0.658147 1 
936.111269 0.657466 1 
936.266817 0.656050 1 
937.245864 0.647206 1 
937.362729 0.646158 1 
937.989643 0.640567 1 
938.152485 0.639123 1 
938.623991 0.634959 1 
938.633293 0.634877 1 
939.136288 0.630465 1 
939.536545 0.626976 1 
939.633833 0.626131 1 
940.195230 0.621277 1 
940.660628 0.617282 1 
941.624124 0.609092 1 
941.666441 0.608735 1 
942.069138 0.605346 1 
942.448169 0.602173 1 
942.535814 0.601442 1 
943.146689 0.596370 1 
943.156044 0.596293 1 
943.516313 0.593322 1 
943.709622 0.591734 1 
944.110368 0.588456 1 
944.628537 0.584244 1 
944.691280 0.583736 1 
944.709903 0.583586 1 
945.532434 0.576969 1 
945.540291 0.576906 1 
945.749956 0.575232 1 
946.677059 0.567886 1 
946.730565 0.567465 1 
947.349989 0.562613 1 
947.693489 0.559940 1 
947.770013 0.559346 1 
947.996602 0.557592 1 
948.125734 0.556595 1 
948.340328 0.554941 1 
948.406613 0.554432 1 
948.533371 0.553458 1 
948.801275 0.551407 1 
949.172840 0.548574 1 
951.675295 0.529869 1 
951.785654 0.529059 1 
951.858838 0.528523 1 
952.745731 0.522064 1 
952.801405 0.521662 1 
953.482793 0.516757 1 
953.532361 0.516402 1 
953.650565 0.515557 1 
953.948072 0.513435 1 
954.437866 0.509960 1 
954.483459 0.509638 1 
954.645515 0.508494 1 
954.798006 0.507421 1 
955.006003 0.505960 1 
955.365203 0.503446 1 
955.860707 1.000000 1 
955.895556 0.999517 1 
956.124628 0.996348 1 
956.452096 0.991835 1 
956.515112 0.990969 1 
957.141778 0.982397 1 
957.276848 0.980560 1 
957.407740 0.978782 1 
957.560509 0.976711 1 
957.667776 0.975260 1 
957.702569 0.974790 1 
957.983631 0.970999 1 
958.182724 0.968323 1 
958.558189 0.963296 1 
958.909355 0.958617 1 
960.470738 0.938091 1 
960.909739 0.932399 1 
961.444603 0.925511 1 
961.497975 0.924827 1 
961.522138 0.924517 1 
961.662596 0.922718 1 
962.379016 0.913600 1 
962.552438 0.911406 1 
962.730522 0.909158 1 
962.811324 0.908141 1 
963.334890 0.901573 1 
963.351785 0.901362 1 
964.508343 0.887025 1 
964.890918 0.882333 1 
964.934691 0.881798 1 
964.959622 0.881493 1 
965.396563 0.876170 1 
965.489109 0.875047 1 
965.816895 0.871079 1 
966.143551 0.867144 1 
966.308762 0.865160 1 
966.701433 0.860463 1 
966.945045 0.857562 1 
967.197974 0.854561 1 
967.199108 0.854547 1 
967.385835 0.852338 1 
967.805292 0.847396 1 
967.849490 0.846877 1 
967.880722 0.846510 1 
968.125461 0.843643 1 
968.635648 0.837697 1 
969.457849 0.828203 1 
969.595953 0.826619 1 
969.598864 0.826586 1 
969.932835 0.822768 1 
970.070965 0.821194 1 
970.226080 0.819430 1 
970.769631 0.813279 1 
971.198793 0.808454 1 
971.202483 0.808413 1 
971.260598 0.807762 1 
971.288096 0.807454 1 
971.506036 0.805018 1 
971.957027 0.800001 1 
972.710632 0.791687 1 
972.942845 0.789142 1 
973.002444 0.788490 1 
973.207872 0.786248 1 
973.392140 0.784242 1 
973.522565 0.782826 1 
973.602721 0.781956 1 
974.217379 0.775321 1 
974.325273 0.774163 1 
974.380125 0.773574 1 
975.087970 0.766020 1 
975.602213 0.760579 1 
975.707810 0.759466 1 
977.117769 0.744766 1 
977.257538 0.743324 1 
977.296071 0.742927 1 
977.617103 0.739628 1 
977.730255 0.738469 1 
977.849976 0.737244 1 
978.817087 0.727426 1 
979.102804 0.724550 1 
979.421012 0.721361 1 
980.214693 0.713468 1 
980.295232 0.712672 1 
980.751499 0.708178 1 
981.738053 0.698559 1 
982.042015 0.695621 1 
983.589292 0.680859 1 
983.592045 0.680833 1 
983.620323 0.680566 1 
983.716151 0.679663 1 
984.087806 0.676170 1 
984.339233 0.673817 1 
984.399528 0.673254 1 
984.415565 0.673105 1 
984.593957 0.671442 1 
984.696813 0.670485 1 
985.095672 0.666788 1 
985.377769 0.664186 1 
985.526923 0.662814 1 
985.635526 0.661817 1 
985.673986 0.661464 1 
986.114063 0.657441 1 
986.276777 0.655959 1 
986.954037 0.649830 1 
987.227843 0.647368 1 
987.433517 0.645525 1 
987.530243 0.644660 1 
987.613319 0.643918 1 
987.707426 0.643078 1 
987.906282 0.641308 1 
987.967700 0.640762 1 
988.333001 0.637525 1 
988.511440 0.635950 1 
989.075959 0.630993 1 
989.198311 0.629923 1 
989.331801 0.628759 1 
989.334950 0.628731 1 
989.421414 0.627978 1 
989.468884 0.627565 1 
989.897696 0.623845 1 
989.912800 0.623715 1 
991.120099 0.613363 1 
991.498135 0.610157 1 
991.894928 0.606810 1 
992.087313 0.605193 1 
992.202458 0.604228 1 
992.383838 0.602711 1 
992.423302 0.602381 1 
992.616884 0.600767 1 
992.704235 0.600040 1 
993.167983 0.596194 1 
993.296918 0.595130 1 
993.356707 0.594637 1 
993.571545 0.592868 1 
993.778069 0.591173 1 
994.185887 0.587840 1 
994.918795 0.581898 1 
995.155121 0.579995 1 
995.255260 0.579190 1 
995.358871 0.578359 1 
995.538792 0.576918 1 
995.777296 0.575014 1 
995.898280 0.574050 1 
996.246862 0.571283 1 
996.432413 0.569815 1 
997.581464 0.560810 1 
997.813877 0.559006 1 
998.212539 0.555925 1 
998.276384 0.555434 1 
999.127504 0.548919 1 
999.346158 0.547257 1 
999.470111 0.546318 1 
999.559056 0.545644 1 
999.713516 0.544477 1 
