0.219553 7.234787 0 
0.283352 7.228391 0 
0.384306 7.218282 0 
0.526755 7.858954 0 
0.781539 7.831245 0 
1.185167 7.787548 0 
1.245818 7.781003 0 
1.375057 7.767074 0 
1.985498 7.701623 0 
1.993430 7.700776 0 
2.233988 7.675138 0 
2.994950 7.594597 0 
3.438941 7.547996 0 
3.715471 7.519116 0 
4.028018 7.486607 0 
4.218422 7.466872 0 
4.345050 8.074924 0 
4.644413 8.041482 0 
4.655067 8.040294 0 
4.661182 8.039613 0 
4.829194 8.020909 0 
4.852426 8.018326 0 
4.975638 8.004642 0 
5.073402 7.993801 0 
5.144309 7.985947 0 
5.744256 7.919803 0 
5.810612 7.912521 0 
5.873660 7.905608 0 
5.971618 7.894880 0 
6.719740 7.813424 0 
7.035662 7.779279 0 
7.118399 7.770361 0 
7.267858 7.754278 0 
7.894972 7.687157 0 
7.944458 7.681886 0 
8.111129 7.664157 0 
8.291006 7.645069 0 
8.338490 7.640038 0 
8.557655 7.616861 0 
8.710455 7.600744 0 
9.108053 7.558964 0 
9.527229 7.515166 0 
9.658683 7.501484 0 
9.860018 7.480576 0 
9.934284 7.472878 0 
10.359038 7.429004 0 
10.403302 7.424447 0 
11.092491 7.353850 0 
11.120447 7.351001 0 
11.162823 7.346684 0 
12.054956 7.256383 0 
12.231958 7.238599 0 
12.313981 7.230373 0 
13.081095 7.153889 0 
13.232202 7.138919 0 
13.253390 7.136822 0 
13.758312 7.087041 0 
14.342584 7.029870 0 
14.444952 7.019901 0 
14.554994 7.009200 0 
14.763830 6.988937 0 
15.050558 6.961212 0 
15.078306 6.958535 0 
15.314637 6.935774 0 
16.165818 6.854414 0 
16.698402 6.803993 0 
16.712409 6.802672 0 
16.885607 7.308385 0 
17.159529 7.280685 0 
17.524630 7.243928 0 
17.624805 7.233875 0 
17.642628 7.232088 0 
17.664156 7.229930 0 
17.724968 7.223838 0 
18.281263 7.168343 0 
18.865790 7.110490 0 
19.023714 7.094940 0 
19.317550 7.066098 0 
19.941188 7.005272 0 
19.995496 9.000000 0 
20.176814 8.977406 0 
20.226230 8.971258 0 
20.361889 8.954402 0 
20.433179 8.945557 0 
20.616554 8.922845 0 
20.793496 8.900985 0 
20.816352 8.898165 0 
20.816959 8.898090 0 
20.925176 9.871946 0 
21.203408 9.833942 0 
21.315960 9.818610 0 
21.380130 9.809879 0 
21.481005 10.775788 0 
21.908963 10.712047 0 
22.809165 10.579197 0 
22.830030 10.576138 0 
22.852375 10.572862 0 
22.940307 10.559982 0 
23.066124 10.541579 0 
23.256912 10.513734 0 
23.537242 10.472955 0 
23.548395 10.471336 0 
23.969186 10.410431 0 
23.978415 10.409099 0 
24.852452 10.283735 0 
25.077355 10.251723 0 
26.553282 10.044097 0 
26.688758 10.025251 0 
26.793169 10.010750 0 
27.024679 9.978673 0 
27.172266 9.958278 0 
27.223993 9.951139 0 
27.575329 9.902789 0 
28.490380 9.777963 0 
28.719284 9.746984 0 
28.793771 9.736924 0 
29.300557 9.668757 0 
29.548680 9.635556 0 
29.904590 9.588132 0 
30.195504 9.549541 0 
30.373815 9.525965 0 
30.877204 9.459720 0 
30.939648 9.451535 0 
31.160717 10.279214 0 
31.173030 11.133915 0 
31.192883 11.130851 0 
31.238469 11.123819 0 
31.557985 11.074656 0 
31.558614 11.074559 0 
31.687306 11.054819 0 
31.725887 11.048908 0 
32.334447 10.956087 0 
32.487990 10.932791 0 
32.683254 10.903237 0 
33.346035 10.803515 0 
33.819236 10.732877 0 
33.971961 10.710177 0 
34.608827 10.616035 0 
34.934438 10.568223 0 
35.158684 10.535420 0 
35.393427 10.501191 0 
35.912983 10.425827 0 
35.969505 10.417661 0 
36.360162 10.361395 0 
36.638431 10.321502 0 
37.177715 10.244625 0 
37.225170 10.237888 0 
37.557739 10.190796 0 
37.568416 10.189288 0 
37.672748 10.174561 0 
37.723948 10.167342 0 
38.393477 10.073409 0 
38.579978 10.047398 0 
38.866219 10.007608 0 
39.165538 9.966168 0 
39.335481 9.942716 0 
39.696653 9.893058 0 
39.785522 9.880878 0 
40.220783 9.821436 0 
40.419927 9.794359 0 
40.700331 9.756360 0 
41.124289 9.699187 0 
41.174716 9.692409 0 
42.070903 9.572738 0 
42.089047 9.570330 0 
42.165841 9.560147 0 
42.432894 9.524820 0 
42.468609 9.520105 0 
42.493260 9.516852 0 
42.904699 9.462725 0 
43.165060 10.153911 0 
43.201741 10.148749 0 
43.370201 10.125076 0 
43.392573 10.121936 0 
43.409650 10.119540 0 
43.514782 10.104802 0 
43.547729 10.100188 0 
43.724310 10.075494 0 
43.728543 10.074903 0 
43.772073 10.068825 0 
43.884268 10.053176 0 
44.761919 9.931602 0 
45.205420 9.870728 0 
45.602503 9.816541 0 
45.617625 9.814483 0 
45.771048 9.793631 0 
46.510767 10.386122 0 
46.757446 10.350665 0 
46.880545 10.333017 0 
47.147655 10.294825 0 
47.601477 10.230260 0 
47.746477 10.890365 0 
48.246891 10.815078 0 
48.663948 10.752729 0 
48.744208 10.740772 0 
48.907311 10.716513 0 
49.319848 10.655401 0 
49.454408 10.635543 0 
49.701915 10.599113 0 
50.322225 10.508359 0 
50.501531 10.482270 0 
50.644977 10.461446 0 
50.734542 10.448465 0 
50.879359 10.427510 0 
51.144223 10.389292 0 
51.261857 10.372364 0 
51.472379 10.342136 0 
51.637718 10.318459 0 
51.712937 10.307705 0 
51.718084 10.306969 0 
52.176633 10.241657 0 
52.338814 10.218657 0 
52.558469 10.187588 0 
52.789342 10.155033 0 
52.876476 10.142774 0 
52.918064 10.136928 0 
53.234897 10.092502 0 
53.329849 10.079226 0 
53.437566 10.064186 0 
53.445570 10.063069 0 
53.611854 10.039899 0 
54.288931 9.946103 0 
54.428076 9.926935 0 
54.712335 9.887894 0 
55.113824 9.833012 0 
55.270917 9.811622 0 
55.389000 9.795573 0 
55.426409 9.790495 0 
55.772627 9.743617 0 
56.293437 9.673522 0 
56.346729 9.666378 0 
56.429315 9.655317 0 
56.518767 9.643351 0 
56.630748 9.628393 0 
56.792466 9.606831 0 
56.974369 9.582636 0 
57.253264 9.545658 0 
57.652365 9.492990 0 
58.105547 9.433538 0 
58.309924 9.406848 0 
59.277054 9.281570 0 
59.410050 9.264473 0 
59.456002 9.258573 0 
59.602368 9.239806 0 
60.463788 9.130122 0 
60.651511 9.106393 0 
60.684781 9.102194 0 
60.785922 9.089440 0 
60.824574 9.084571 0 
61.042486 9.057169 0 
61.110388 9.048647 0 
61.545953 8.994174 0 
61.675968 8.977978 0 
62.034606 8.933452 0 
62.981649 8.816933 0 
64.408221 8.644278 0 
64.695909 8.609872 0 
64.887245 8.587065 0 
64.899809 8.585569 0 
65.460908 8.519045 0 
65.533098 8.510524 0 
66.035182 8.451493 0 
66.208426 8.431220 0 
66.309130 8.419458 0 
66.531362 8.393559 0 
66.650280 8.379733 0 
66.815797 8.360528 0 
66.836053 8.358180 0 
67.068140 8.331332 0 
67.068374 8.331305 0 
67.125308 8.324732 0 
67.876338 8.238508 0 
68.232370 8.197946 0 
68.779471 8.136005 0 
68.859288 8.127007 0 
69.259132 8.082084 0 
69.262733 8.081680 0 
69.381306 8.572682 0 
69.574826 8.549715 0 
69.987578 8.500933 0 
69.995496 14.000000 0 
70.728564 13.858446 0 
71.331985 13.743001 0 
71.360709 13.737529 0 
71.711928 13.670805 0 
71.929933 13.629551 0 
72.342287 13.551861 0 
72.765897 13.472511 0 
73.226456 13.386767 0 
73.227047 13.386658 0 
73.375504 13.359136 0 
74.180497 13.210882 0 
74.463856 13.159089 0 
74.589793 13.136135 0 
75.018374 13.058320 0 
75.135024 13.037220 0 
75.191588 13.027001 0 
75.607181 12.952164 0 
75.809983 12.915801 0 
75.882224 12.902872 0 
76.105958 12.862915 0 
76.211542 12.844101 0 
76.666801 12.763294 0 
77.389269 12.636101 0 
78.108994 12.510651 0 
78.177355 12.498800 0 
78.212036 12.492793 0 
78.240162 12.487923 0 
78.526042 12.438529 0 
78.575924 12.429931 0 
78.636744 12.419455 0 
78.906978 12.373016 0 
78.999396 12.357174 0 
79.193017 12.324050 0 
79.253636 12.313697 0 
79.372755 12.293380 0 
79.484558 12.274341 0 
79.543545 12.264308 0 
80.373474 12.124013 0 
80.766853 12.058076 0 
81.207269 11.984680 0 
81.937147 11.864027 0 
82.162241 11.827064 0 
82.208707 11.819448 0 
82.882375 11.709579 0 
83.037583 11.684412 0 
83.144896 11.667042 0 
83.349512 11.633994 0 
83.493975 11.610719 0 
83.558377 11.600357 0 
83.757661 11.568353 0 
83.851461 11.553320 0 
84.023210 11.525845 0 
84.285087 11.484078 0 
84.372149 11.470226 0 
85.003277 11.370307 0 
85.418496 11.305046 0 
86.511818 11.134991 0 
86.706820 11.104930 0 
86.783878 11.093074 0 
86.825610 11.086658 0 
86.931488 11.070397 0 
87.616111 10.965826 0 
87.667195 10.958063 0 
87.751054 10.945332 0 
88.001530 10.907392 0 
88.169343 10.882046 0 
88.271489 10.866648 0 
88.452123 10.839471 0 
88.568926 10.821933 0 
88.652867 10.809347 0 
89.204991 10.726928 0 
89.380278 10.700893 0 
89.774774 10.642531 0 
90.230269 10.575540 0 
90.301144 10.565155 0 
90.453154 10.542914 0 
90.664619 10.512052 0 
91.531452 10.386487 0 
91.678761 10.365298 0 
92.475998 10.251370 0 
92.570192 10.237993 0 
92.689266 10.221107 0 
92.938168 10.185899 0 
92.972011 10.181122 0 
93.055684 10.169319 0 
93.110463 10.161599 0 
93.477941 10.109965 0 
94.823935 9.923067 0 
94.954167 9.905168 0 
94.984847 9.900956 0 
95.229203 10.572293 0 
95.242549 10.570338 0 
95.702477 10.503156 0 
96.409383 10.400730 0 
96.495244 11.080914 0 
96.752837 11.041415 0 
97.740949 10.891200 0 
98.071763 10.841366 0 
98.371748 11.471147 0 
98.683179 11.421729 0 
98.939060 11.381285 0 
99.193463 11.341217 0 
99.332245 11.319418 0 
99.573637 11.281602 0 
100.327147 11.821097 0 
100.455185 11.800133 0 
100.623945 11.772559 0 
100.699077 11.760303 0 
101.162762 11.684950 0 
101.311042 11.660955 0 
101.322649 11.659079 0 
101.685441 11.600589 0 
101.917797 11.563282 0 
101.945517 11.558839 0 
102.384374 11.488730 0 
102.456750 11.477209 0 
102.529114 11.465701 0 
103.067890 11.380382 0 
103.322990 11.970219 0 
103.336960 11.967901 0 
104.163149 11.831610 0 
104.543038 11.769464 0 
105.226646 11.658453 0 
105.507655 11.613125 0 
105.571016 11.602929 0 
106.016739 11.531455 0 
106.115861 11.515620 0 
106.339631 11.479953 0 
107.209907 11.342284 0 
107.486614 11.298859 0 
107.514745 11.294453 0 
108.388308 11.158501 0 
108.670297 11.114965 0 
108.839465 11.088929 0 
109.317776 11.015644 0 
109.597939 10.972943 0 
109.756489 10.948852 0 
109.869846 10.931659 0 
110.330925 10.862008 0 
110.634362 10.816413 0 
110.921972 10.773372 0 
111.292167 10.718225 0 
111.468837 10.692006 0 
111.810792 10.641441 0 
112.053677 10.605670 0 
112.168145 10.588854 0 
112.371109 10.559102 0 
112.556957 10.531933 0 
112.594710 10.526422 0 
112.696298 10.511608 0 
113.099114 10.453072 0 
113.650143 10.373527 0 
113.707031 10.365349 0 
113.843426 10.345769 0 
113.921917 10.334517 0 
114.098900 10.309193 0 
114.587768 10.239562 0 
114.846577 10.202890 0 
114.944671 10.189024 0 
114.960416 10.186801 0 
115.598339 10.628538 0 
115.672054 10.617682 0 
115.839000 10.593137 0 
115.953584 10.576324 0 
116.111958 10.553129 0 
116.610721 10.480413 0 
116.959412 10.429874 0 
117.213254 10.393235 0 
117.354089 10.372964 0 
117.404386 10.365733 0 
117.997563 10.280844 0 
118.047171 10.273776 0 
118.252532 10.244569 0 
119.176449 10.114191 0 
119.179719 10.113733 0 
119.618654 10.052378 0 
119.790964 10.028394 0 
119.842842 10.021185 0 
119.995496 11.000000 1 
120.158563 10.975162 1 
120.649071 10.900785 1 
121.421162 10.784731 1 
121.669295 10.747697 1 
121.864983 10.718580 1 
121.900602 10.713289 1 
122.583409 10.612358 1 
122.744516 10.588683 1 
122.745555 10.588530 1 
123.287469 10.509282 1 
123.360925 10.498585 1 
123.484713 10.480585 1 
123.998361 10.406221 1 
124.085139 10.393710 1 
124.268472 10.367327 1 
125.192126 10.235424 1 
125.460779 10.197375 1 
125.794717 10.150277 1 
125.858495 10.141307 1 
125.895635 10.136086 1 
126.740471 10.018066 1 
127.137815 9.963035 1 
127.484388 9.915282 1 
128.376222 9.793449 1 
128.593346 9.764016 1 
129.572905 9.632321 1 
129.600467 9.628641 1 
129.889011 9.590203 1 
130.043335 9.569708 1 
130.076371 9.565326 1 
130.408875 9.521336 1 
130.423094 9.519459 1 
130.575953 9.499308 1 
130.918655 9.454286 1 
131.135536 9.425903 1 
131.702326 9.352130 1 
132.301586 9.274759 1 
132.397291 9.262462 1 
132.489507 9.250629 1 
132.566005 9.240824 1 
132.638756 9.231509 1 
132.691851 9.224716 1 
133.026863 9.181974 1 
133.861173 9.076387 1 
134.268545 9.025273 1 
134.663283 8.976020 1 
134.944820 8.941055 1 
134.993146 8.935067 1 
135.161645 8.914221 1 
135.567736 8.864178 1 
135.719323 8.845570 1 
136.332373 9.568050 1 
137.185056 9.455615 1 
137.643999 9.395647 1 
137.704012 9.387833 1 
137.762000 9.380289 1 
138.347602 9.304447 1 
138.438743 9.292698 1 
138.443174 9.292127 1 
138.764953 9.250769 1 
138.870636 9.237226 1 
139.847458 9.112982 1 
140.231672 9.064573 1 
140.917678 9.727008 1 
141.344982 9.669558 1 
141.617185 9.633139 1 
142.222837 10.287411 1 
142.666228 10.224372 1 
142.753446 10.212017 1 
142.929428 10.187134 1 
143.200499 10.148924 1 
143.413077 10.119060 1 
143.526893 10.103106 1 
144.092206 10.024238 1 
144.355004 9.987785 1 
144.649010 9.947160 1 
145.200369 9.871419 1 
145.292546 9.858813 1 
145.669954 9.807366 1 
146.142755 9.743295 1 
146.189160 10.432531 1 
146.213581 10.429000 1 
146.533872 10.382796 1 
147.033472 10.311134 1 
147.524979 10.241115 1 
147.609272 10.229155 1 
147.701693 10.216058 1 
147.886427 10.189928 1 
148.184271 10.147941 1 
148.578414 10.092644 1 
148.824738 10.058239 1 
149.171835 10.009957 1 
149.356298 9.984392 1 
149.461090 9.969898 1 
149.506271 9.963655 1 
149.522931 9.961354 1 
149.576808 9.953917 1 
149.905512 10.569240 1 
149.969658 10.559845 1 
150.082198 10.543383 1 
150.543956 10.476107 1 
150.623758 10.464524 1 
150.654907 10.460006 1 
150.749962 10.446232 1 
150.808965 10.437690 1 
151.179426 10.384223 1 
151.646386 10.317219 1 
152.150380 10.885722 1 
152.301080 10.863004 1 
152.595826 10.818707 1 
153.220339 10.725448 1 
153.520016 10.680982 1 
153.591677 10.670377 1 
153.930392 10.620391 1 
153.948584 10.617712 1 
154.355189 10.558032 1 
154.920930 10.475551 1 
155.015888 10.461770 1 
156.268090 10.281729 1 
156.296977 10.277612 1 
156.370959 10.267077 1 
156.946061 10.185547 1 
157.377239 10.124845 1 
158.187791 10.011713 1 
158.311188 9.994601 1 
158.965598 9.904340 1 
159.327460 9.854779 1 
159.357738 9.850644 1 
159.894424 9.777626 1 
160.048676 9.756740 1 
160.206730 9.735386 1 
160.541205 9.690349 1 
160.775300 9.658953 1 
161.014845 9.626930 1 
161.253977 9.595069 1 
161.529223 9.558527 1 
161.686923 9.537653 1 
161.805725 9.521958 1 
162.462112 9.435706 1 
162.554858 9.423582 1 
162.967370 9.369846 1 
163.124292 9.349485 1 
163.544109 9.295230 1 
163.556198 9.293672 1 
164.471489 9.176494 1 
164.853580 9.128015 1 
165.117237 9.094712 1 
165.603154 9.033654 1 
166.051285 8.977707 1 
166.202897 8.958858 1 
166.388804 8.935799 1 
166.556344 8.915069 1 
166.875799 8.875675 1 
167.206567 8.835069 1 
167.244312 8.830447 1 
167.428583 8.807918 1 
167.589286 8.788318 1 
167.591726 8.788021 1 
168.112781 8.724770 1 
168.178794 8.716790 1 
168.313508 8.700526 1 
168.366204 8.694172 1 
168.494815 8.678685 1 
168.689387 8.655307 1 
168.724762 8.651064 1 
168.845077 8.636646 1 
168.845633 8.636580 1 
168.981562 8.620321 1 
169.228906 8.590813 1 
169.548936 8.552784 1 
169.618290 8.544565 1 
169.657491 8.539922 1 
169.948721 8.505513 1 
169.995496 6.000000 1 
170.017064 5.998206 1 
171.124030 5.906862 1 
171.188667 5.901571 1 
171.529324 6.852728 1 
172.429387 6.767754 1 
172.607945 6.751022 1 
172.637111 6.748293 1 
173.268441 6.689489 1 
173.314089 6.685257 1 
173.410326 6.676344 1 
173.827960 6.637802 1 
173.923017 6.629061 1 
174.392909 6.586019 1 
174.625372 6.564829 1 
174.628829 6.564514 1 
174.637878 6.563691 1 
175.687402 6.468884 1 
175.734530 6.464659 1 
176.189439 6.424019 1 
176.545585 6.392380 1 
176.630011 6.384903 1 
176.823108 6.367834 1 
176.918283 6.359438 1 
177.118504 6.341810 1 
177.286682 6.327042 1 
177.925580 6.271251 1 
178.003666 6.264466 1 
178.684310 6.205634 1 
178.713984 6.203082 1 
178.950950 6.182738 1 
179.099276 6.170038 1 
180.626871 6.040749 1 
181.158311 5.996408 1 
181.743971 5.947921 1 
181.805997 5.942809 1 
182.015472 5.925576 1 
182.049460 5.922785 1 
182.067224 5.921326 1 
182.087777 5.919639 1 
182.115488 5.917366 1 
182.122413 5.916798 1 
182.231987 5.907817 1 
182.411921 5.893099 1 
182.648361 5.873814 1 
183.116332 5.835831 1 
183.373883 5.815032 1 
183.828528 5.778497 1 
183.947469 5.768977 1 
183.955916 5.768301 1 
184.083590 5.758101 1 
184.418639 5.731418 1 
184.794433 5.701637 1 
184.898220 5.693439 1 
185.189449 5.670500 1 
185.233405 5.667045 1 
185.513581 5.645077 1 
185.727055 5.628396 1 
185.848638 5.618917 1 
186.136430 5.596544 1 
186.743065 5.549676 1 
186.891057 5.538302 1 
186.911822 5.536708 1 
187.111043 5.521438 1 
187.208337 5.513996 1 
187.659791 5.479594 1 
187.677026 5.478285 1 
187.693600 5.477026 1 
187.834434 5.466344 1 
188.100894 5.446189 1 
188.612849 5.407673 1 
188.758291 5.396781 1 
188.863704 5.388900 1 
188.959799 5.381726 1 
189.196307 5.364110 1 
189.885685 5.313090 1 
190.079195 5.298856 1 
190.174967 5.291826 1 
191.040054 5.228742 1 
191.502818 5.195305 1 
191.691326 5.181746 1 
191.863089 5.169422 1 
191.996750 5.159853 1 
192.436048 5.128525 1 
192.810367 5.101981 1 
194.470367 4.985912 1 
194.944707 4.953234 1 
195.075236 4.944279 1 
195.103855 4.942318 1 
196.313603 4.860123 1 
196.331102 4.858944 1 
196.442689 4.851433 1 
196.993056 4.814559 1 
197.356595 5.474693 1 
197.597774 5.456419 1 
198.048509 5.422431 1 
198.066039 5.421113 1 
198.123339 5.416809 1 
198.646966 5.377630 1 
198.871117 5.360946 1 
199.786605 5.293338 1 
200.024437 5.275915 1 
200.095723 5.929541 1 
200.191902 5.921640 1 
200.471492 5.898733 1 
200.859291 5.867106 1 
201.513672 5.814123 1 
201.525209 5.813193 1 
201.700823 5.799058 1 
201.834915 5.788288 1 
202.112246 5.766077 1 
202.742671 5.715903 1 
202.810280 5.710548 1 
203.599375 5.648420 1 
203.866139 5.627570 1 
203.879801 5.626504 1 
203.947393 5.621235 1 
204.453479 5.581935 1 
204.833669 5.552593 1 
204.901555 6.163744 1 
205.283230 6.131217 1 
205.640689 6.100909 1 
207.102116 5.978550 1 
207.890253 5.913585 1 
207.910939 5.911889 1 
208.330576 5.877597 1 
208.390414 5.872724 1 
208.498031 5.863969 1 
208.849853 5.835438 1 
208.921347 5.829657 1 
209.263764 5.802050 1 
209.391382 5.791794 1 
209.465473 5.785849 1 
209.816079 5.757795 1 
210.152126 5.731034 1 
210.302397 5.719108 1 
210.490682 5.704199 1 
210.537606 5.700490 1 
210.652582 5.691411 1 
210.820856 5.678150 1 
211.479343 5.626552 1 
211.508071 6.186743 1 
211.879163 6.154998 1 
211.900733 6.153157 1 
212.027229 6.142377 1 
212.353296 6.114674 1 
212.934631 6.065594 1 
213.197508 6.043530 1 
213.440121 6.023237 1 
213.756253 5.996898 1 
213.858920 5.988369 1 
213.913921 5.983805 1 
214.175512 5.962144 1 
214.185084 5.961353 1 
214.348708 5.947846 1 
214.390490 5.944402 1 
214.491830 5.936057 1 
214.531916 5.932759 1 
215.093902 5.886718 1 
215.337331 5.866886 1 
215.369247 5.864291 1 
216.799526 5.749159 1 
217.248030 5.713524 1 
217.907250 5.661548 1 
217.930881 5.659693 1 
219.452668 5.541545 1 
219.554877 5.533698 1 
219.592276 5.530830 1 
219.995496 3.000000 1 
220.268114 2.988684 1 
220.571524 2.976139 1 
221.096231 2.954569 1 
221.367269 2.943489 1 
221.399400 2.942178 1 
221.460133 2.939702 1 
221.478112 2.938969 1 
222.469501 2.898853 1 
222.954789 2.879417 1 
223.379168 2.862527 1 
223.562090 2.855277 1 
224.008429 2.837664 1 
224.055952 2.835795 1 
224.216732 3.772642 1 
224.492459 3.758249 1 
224.634757 3.750843 1 
224.791773 3.742687 1 
224.858159 3.739244 1 
225.651272 3.698357 1 
226.140317 3.673368 1 
226.677249 3.646127 1 
226.892768 3.635250 1 
226.973321 3.631193 1 
228.385126 3.560815 1 
228.664488 3.547051 1 
228.707062 3.544958 1 
230.614579 3.452445 1 
230.896904 3.438959 1 
231.451779 3.412607 1 
231.578057 3.406638 1 
232.165328 3.379016 1 
232.402739 3.367914 1 
232.406895 3.367720 1 
232.422887 3.366973 1 
233.042467 3.338177 1 
233.109052 3.335097 1 
233.354420 4.154715 1 
233.939962 4.121127 1 
234.044032 4.115185 1 
234.228474 4.104677 1 
234.386077 4.914862 1 
234.661704 4.896118 1 
234.866723 4.882222 1 
234.878456 4.881428 1 
234.933736 5.690637 1 
235.119288 5.676018 1 
235.375577 5.655887 1 
235.428425 5.651745 1 
235.633141 5.635728 1 
235.795833 5.623032 1 
236.499170 5.568472 1 
236.663382 5.555810 1 
236.710711 5.552166 1 
237.425366 5.497431 1 
237.511174 5.490895 1 
237.586796 5.485142 1 
237.917514 5.460052 1 
238.007271 5.453262 1 
238.027182 5.451757 1 
238.822747 5.391960 1 
238.832857 5.391205 1 
239.017918 5.377391 1 
239.188319 5.364704 1 
239.188956 5.364656 1 
239.239042 5.360933 1 
239.718997 5.325382 1 
239.786646 5.320390 1 
239.878644 5.313609 1 
240.690763 5.254122 1 
240.910415 5.238147 1 
240.953626 5.235010 1 
240.959234 5.234603 1 
241.098261 5.224524 1 
241.110612 5.223630 1 
241.153708 5.220510 1 
241.190148 5.217873 1 
241.361334 5.205505 1 
241.411727 5.201870 1 
241.555158 5.191537 1 
241.574387 5.190153 1 
241.634641 5.185820 1 
242.078329 5.154020 1 
243.219282 5.073141 1 
243.360558 5.063215 1 
243.691416 5.040045 1 
243.791643 5.033047 1 
245.474597 4.916981 1 
245.611397 4.907665 1 
245.861588 4.890673 1 
245.888537 5.587253 1 
246.051959 5.574610 1 
246.535116 5.537396 1 
246.655104 5.528192 1 
247.642645 5.453026 1 
247.725985 5.446729 1 
248.485389 5.389689 1 
248.687608 5.374601 1 
248.791043 5.366900 1 
249.144978 5.340632 1 
249.224559 6.001586 1 
249.847066 5.950016 1 
249.947233 5.941760 1 
250.055300 5.932865 1 
250.149830 5.925095 1 
250.463256 5.899406 1 
250.548443 6.547160 1 
250.955371 6.510330 1 
251.279084 6.481179 1 
251.395706 6.470709 1 
252.041265 6.413059 1 
252.136953 6.404558 1 
252.155788 6.402886 1 
252.381638 6.382870 1 
252.676545 6.356828 1 
252.973122 6.330746 1 
253.020687 6.326573 1 
253.340115 6.298620 1 
253.574515 6.278186 1 
253.916917 6.248456 1 
254.221391 6.222137 1 
254.729696 6.178446 1 
254.845948 6.168497 1 
255.117146 6.145350 1 
255.471067 6.115272 1 
255.575223 6.106449 1 
255.618615 6.102776 1 
255.730357 6.093330 1 
255.771592 6.089848 1 
255.783473 6.088845 1 
255.792453 6.088087 1 
256.667282 6.014698 1 
256.679381 6.013690 1 
256.879839 5.997001 1 
256.998257 5.987164 1 
257.357143 6.553196 1 
257.379910 6.551128 1 
257.389745 7.145711 1 
257.494203 7.135371 1 
257.923322 7.093049 1 
257.971940 7.088270 1 
258.325913 7.053573 1 
258.656323 7.021338 1 
259.328722 6.956193 1 
259.509299 6.938801 1 
259.921388 6.899275 1 
260.200278 6.872652 1 
260.441326 6.849724 1 
260.500169 6.844139 1 
260.669751 6.828068 1 
260.861357 6.809955 1 
261.070517 6.790238 1 
261.412435 6.758128 1 
261.473692 6.752392 1 
261.953585 6.707619 1 
262.086301 7.253230 1 
262.190430 7.242767 1 
262.609481 7.200814 1 
262.632152 7.198551 1 
262.710078 7.190779 1 
262.878682 7.173991 1 
262.901127 7.171759 1 
263.422487 7.120112 1 
263.545225 7.108007 1 
263.872400 7.075841 1 
264.235064 7.040356 1 
264.503412 7.014214 1 
264.835531 6.981994 1 
265.190902 6.947681 1 
265.456459 6.922151 1 
265.562041 6.912027 1 
265.649988 6.903605 1 
266.164874 6.854503 1 
266.344505 6.837455 1 
266.363505 7.361474 1 
266.534262 7.344069 1 
266.733173 7.323846 1 
267.041011 7.292657 1 
267.178359 7.278785 1 
267.301203 7.785429 1 
267.868012 7.724493 1 
268.934071 7.611174 1 
269.166021 7.586740 1 
269.383246 7.563928 1 
269.832886 7.516926 1 
269.898126 7.510131 1 
269.995496 7.000000 1 
270.417442 6.959174 1 
270.455841 6.955470 1 
270.480544 6.953089 1 
270.543544 6.947019 1 
270.811550 6.921256 1 
271.329392 6.871747 1 
271.405274 6.864523 1 
271.729615 6.833727 1 
271.918632 6.815843 1 
272.083655 6.800269 1 
272.277606 6.782009 1 
272.389660 6.771482 1 
272.567213 6.754835 1 
272.893460 6.724354 1 
273.054365 6.709371 1 
273.151394 6.700352 1 
273.228517 6.693192 1 
273.309175 6.685713 1 
273.712250 7.598238 1 
273.967779 7.571370 1 
273.969958 7.571141 1 
274.383366 7.527875 1 
274.391072 7.527070 1 
274.523468 7.513268 1 
274.788449 7.485719 1 
275.129589 7.450401 1 
275.841623 7.377221 1 
275.980655 7.363016 1 
276.161514 7.344578 1 
276.240471 7.336543 1 
276.955917 7.264138 1 
277.203359 7.239263 1 
277.946937 7.165022 1 
278.073952 7.152417 1 
278.260078 7.133986 1 
278.280241 7.131992 1 
278.507582 7.109550 1 
279.014789 7.059736 1 
279.941948 6.969576 1 
280.209640 6.943760 1 
280.421746 6.923373 1 
280.777576 6.889305 1 
280.979623 6.870035 1 
281.119112 6.856763 1 
281.371521 6.832812 1 
281.396539 6.830443 1 
281.515263 6.819210 1 
281.646446 6.806820 1 
281.954269 6.777835 1 
282.562726 6.720905 1 
282.884581 6.690984 1 
283.443208 6.639367 1 
283.582842 6.626528 1 
284.227243 6.567595 1 
284.396125 6.552236 1 
284.441944 6.548076 1 
284.688476 6.525735 1 
284.695869 6.525066 1 
284.711960 6.523611 1 
285.008654 6.496834 1 
285.108065 6.487887 1 
285.218798 6.477935 1 
285.846876 6.421776 1 
285.897510 6.417270 1 
285.903341 6.416751 1 
286.700740 6.346209 1 
286.781498 6.339109 1 
287.359179 6.288545 1 
287.405757 6.284486 1 
287.587996 6.268629 1 
287.743188 6.255157 1 
287.917725 6.240041 1 
287.919900 6.239852 1 
288.655088 6.176580 1 
289.316094 6.120239 1 
289.585718 6.097406 1 
289.699325 6.087810 1 
290.603480 6.011980 1 
290.877097 5.989219 1 
291.020953 5.977287 1 
291.119154 5.969155 1 
291.143314 5.967157 1 
291.441482 5.942542 1 
291.597918 6.670878 1 
292.322323 6.604221 1 
292.891233 6.552340 1 
293.780084 6.472097 1 
293.880559 6.463088 1 
294.030133 6.449701 1 
294.137170 7.155708 1 
294.232040 7.146304 1 
294.344165 7.135204 1 
294.461934 7.123565 1 
294.657620 7.104266 1 
294.727189 7.097418 1 
294.776567 7.092561 1 
296.125295 6.961181 1 
297.387078 6.840475 1 
297.670623 6.813639 1 
297.773093 6.803967 1 
297.853576 6.796380 1 
298.316450 6.752909 1 
298.483033 6.737332 1 
298.683740 6.718612 1 
298.715713 6.715635 1 
299.066332 6.683072 1 
299.273846 6.663874 1 
299.391178 6.653043 1 
299.837100 6.612043 1 
300.191649 6.579624 1 
300.558184 6.546276 1 
301.379988 6.472120 1 
301.941390 6.421945 1 
302.147870 6.403589 1 
302.324070 6.387966 1 
303.232192 6.308050 1 
304.144931 6.228736 1 
304.380199 6.208454 1 
304.701412 6.180869 1 
304.819032 6.170799 1 
305.061475 6.150094 1 
305.520594 6.111075 1 
305.786376 6.088600 1 
306.968950 5.989597 1 
306.972338 5.989316 1 
307.005145 5.986593 1 
307.110157 5.977884 1 
307.217548 5.968991 1 
307.553845 5.941228 1 
307.609937 5.936610 1 
307.623432 5.935499 1 
308.000445 6.495014 1 
308.158336 6.480813 1 
308.570053 6.443928 1 
308.755249 6.427406 1 
309.031941 6.402799 1 
309.060496 6.400265 1 
309.716149 6.342355 1 
310.050184 6.313053 1 
310.417492 6.280989 1 
310.479166 6.275621 1 
310.948809 6.234895 1 
311.197765 6.213414 1 
312.658202 6.642417 1 
312.767639 6.632348 1 
313.247271 6.588395 1 
313.492247 6.566058 1 
313.787494 6.539238 1 
314.187509 6.503076 1 
314.301218 6.492833 1 
314.629974 6.463309 1 
314.724185 6.454873 1 
314.878075 6.441117 1 
315.120813 6.419479 1 
315.274395 6.405826 1 
315.398672 6.394799 1 
315.753567 6.363414 1 
316.563442 6.292370 1 
316.892853 6.263701 1 
317.209240 6.755979 1 
317.591915 6.720233 1 
317.654218 6.714432 1 
319.032262 6.587378 1 
319.122187 6.579171 1 
319.360614 6.557461 1 
319.522235 6.542785 1 
319.904946 6.508165 1 
319.995496 5.000000 1 
320.113794 4.991807 1 
320.647859 4.954985 1 
320.753574 4.947729 1 
321.685390 4.884227 1 
321.803704 4.876222 1 
322.700684 4.815963 1 
323.589937 4.756958 1 
323.644589 4.753355 1 
323.793714 4.743539 1 
324.010334 4.729315 1 
324.027705 4.728177 1 
324.048119 4.726839 1 
324.221240 4.715508 1 
324.506557 4.696893 1 
324.548062 4.694192 1 
324.696152 4.684565 1 
324.797040 4.678017 1 
324.902842 4.671161 1 
324.986978 4.665716 1 
325.026866 4.663137 1 
325.306056 4.645123 1 
325.537092 4.630270 1 
325.873532 4.608724 1 
327.153103 4.527692 1 
327.620365 4.498459 1 
327.857796 4.483676 1 
327.948782 4.478024 1 
327.955179 4.477627 1 
328.018403 4.473704 1 
328.078342 4.469989 1 
328.242551 5.351790 1 
328.582026 5.326663 1 
329.690377 5.245444 1 
329.782315 5.238763 1 
330.158237 5.211533 1 
330.191273 5.209146 1 
330.256403 5.204445 1 
330.705675 5.172131 1 
330.723218 5.170874 1 
330.847020 5.162007 1 
330.960511 5.153892 1 
331.098508 5.144041 1 
331.117231 5.142706 1 
331.207512 5.136274 1 
331.868021 5.089458 1 
332.537171 5.042464 1 
332.833470 5.021795 1 
332.835852 5.021629 1 
332.935508 5.014696 1 
333.049738 5.841221 1 
333.424954 5.810917 1 
333.578604 5.798552 1 
333.861249 5.775876 1 
333.997432 5.764982 1 
334.519732 5.723391 1 
334.540699 5.721728 1 
334.942371 5.689956 1 
335.044881 5.681876 1 
335.055812 5.681015 1 
335.326481 5.659738 1 
335.530651 5.643741 1 
336.357006 5.579457 1 
336.929338 5.535364 1 
337.045526 5.526455 1 
337.201834 5.514493 1 
337.858153 5.464547 1 
338.220787 5.437144 1 
338.292804 5.431719 1 
338.550488 5.412350 1 
338.965622 5.381291 1 
339.457425 5.344727 1 
339.486363 5.342584 1 
339.596099 5.334462 1 
339.740744 5.323776 1 
339.802764 5.319201 1 
340.055092 5.300627 1 
340.132064 5.294974 1 
340.570521 5.262887 1 
341.180123 5.964112 1 
341.811305 5.912154 1 
342.165746 5.883175 1 
342.586090 5.848992 1 
342.634623 5.845059 1 
342.638789 5.844721 1 
342.727227 5.837560 1 
342.780041 5.833287 1 
343.023084 5.813666 1 
343.031174 5.813014 1 
343.113604 5.806375 1 
343.191639 5.800097 1 
343.347270 5.787597 1 
343.626194 5.765261 1 
344.286674 5.712715 1 
344.294037 5.712131 1 
344.411791 5.702815 1 
344.412796 5.702735 1 
344.734343 5.677371 1 
344.945630 5.660766 1 
344.970312 5.658830 1 
345.113638 5.647597 1 
345.374405 5.627218 1 
345.495960 5.617743 1 
345.773615 5.596162 1 
345.948177 5.582636 1 
345.952367 5.582311 1 
346.044831 5.575160 1 
346.094263 5.571341 1 
346.436311 5.544986 1 
346.631711 5.529986 1 
346.881320 5.510883 1 
346.927692 5.507342 1 
347.397801 5.471566 1 
347.543070 5.460559 1 
347.592463 5.456821 1 
347.654423 5.452136 1 
348.062211 5.421401 1 
348.294048 5.404005 1 
348.558196 5.384252 1 
348.657027 5.376880 1 
349.237306 6.000525 1 
349.840605 5.950549 1 
349.848769 5.949876 1 
349.906607 5.945107 1 
350.042971 5.933879 1 
350.231581 5.918384 1 
350.368618 5.907151 1 
350.380240 5.906200 1 
350.709804 5.879277 1 
350.773663 5.874075 1 
351.125882 5.845463 1 
351.197444 5.839667 1 
351.367667 5.825903 1 
351.528217 5.812950 1 
351.947326 5.779274 1 
352.030245 5.772635 1 
352.083615 5.768366 1 
352.371286 5.745407 1 
352.458434 5.738470 1 
352.670359 5.721636 1 
352.875240 5.705408 1 
353.278836 5.673575 1 
353.425249 5.662071 1 
353.964746 5.619883 1 
354.135135 5.606624 1 
354.205473 5.601159 1 
354.343712 5.590436 1 
354.564660 5.573338 1 
355.272673 5.518903 1 
355.843632 5.475392 1 
355.906588 5.470615 1 
356.180523 5.449880 1 
356.330227 5.438581 1 
356.678939 5.412354 1 
356.795509 5.403614 1 
356.808280 5.402658 1 
356.968902 5.390641 1 
356.977601 5.389991 1 
357.122645 5.379164 1 
357.126324 5.378890 1 
357.229481 5.371203 1 
357.551875 5.347251 1 
357.752380 5.332409 1 
357.876827 5.323217 1 
357.925511 5.319626 1 
358.125681 5.304884 1 
358.518736 5.276057 1 
358.836587 5.252860 1 
358.889268 5.249025 1 
359.376770 5.213671 1 
359.398926 5.212070 1 
359.517334 5.203521 1 
359.645313 5.194298 1 
359.784276 5.184301 1 
359.917994 5.174699 1 
360.178716 5.156030 1 
360.604656 5.125674 1 
361.021750 5.096122 1 
361.338567 5.073789 1 
361.488299 5.063268 1 
361.538390 5.059754 1 
361.818862 5.040119 1 
363.382852 4.932017 1 
363.709041 4.909765 1 
364.288329 4.870495 1 
364.498475 4.856327 1 
364.969366 4.824728 1 
364.987213 4.823534 1 
365.205394 4.808967 1 
365.669647 4.778116 1 
365.867143 4.765052 1 
365.870828 4.764809 1 
366.171278 4.745004 1 
366.592179 4.717398 1 
366.774395 4.705497 1 
366.886236 4.698207 1 
367.176434 4.679344 1 
367.452814 5.179388 1 
367.536145 5.173409 1 
368.067732 5.135424 1 
368.380961 5.113173 1 
368.769042 5.085738 1 
368.793384 5.084022 1 
368.960971 5.072224 1 
369.015152 5.068416 1 
369.455614 5.037562 1 
369.810861 5.012814 1 
369.813779 5.012612 1 
369.995496 4.000000 1 
370.369840 3.979296 1 
370.834666 3.953736 1 
371.255388 3.930743 1 
371.323676 3.927024 1 
371.348595 3.925668 1 
371.656921 3.908924 1 
371.664416 3.908518 1 
371.728036 3.905072 1 
371.747902 3.903997 1 
372.104197 3.884761 1 
372.808386 3.847022 1 
372.972557 3.838277 1 
373.296357 3.821086 1 
373.776498 3.795737 1 
374.126982 3.777339 1 
374.194824 3.773788 1 
374.444459 4.700939 1 
374.622314 4.689362 1 
374.680426 4.685586 1 
375.027344 4.663106 1 
375.086515 4.659282 1 
375.269385 4.647485 1 
375.433881 4.636899 1 
376.490276 4.569488 1 
376.512127 4.568104 1 
376.778367 4.551275 1 
376.798761 4.549988 1 
376.808248 4.549390 1 
376.938149 4.541205 1 
377.342831 4.515799 1 
377.349686 4.515370 1 
377.432901 4.510164 1 
377.512703 4.505178 1 
378.079096 4.469942 1 
378.235652 4.460251 1 
378.459264 4.446446 1 
378.495025 4.444242 1 
378.848157 4.422539 1 
378.931556 4.417429 1 
379.199795 4.401033 1 
379.321733 4.393599 1 
379.430120 4.387003 1 
379.685776 4.371482 1 
379.939127 4.356156 1 
380.100866 4.346399 1 
380.265399 4.336497 1 
380.353294 4.331216 1 
380.532177 5.184586 1 
380.895383 5.158547 1 
380.913187 5.157274 1 
381.023101 5.149422 1 
381.343336 5.126612 1 
381.831276 5.092051 1 
382.108071 5.072549 1 
382.127822 5.071161 1 
382.155095 5.069244 1 
382.266469 5.061423 1 
382.754459 5.027298 1 
382.806037 5.023705 1 
382.906169 5.016736 1 
382.949460 5.013726 1 
382.978229 5.011727 1 
383.336698 4.986883 1 
383.359110 4.985334 1 
383.660899 4.964521 1 
383.700798 4.961775 1 
383.873537 4.949908 1 
384.664251 4.895945 1 
384.731699 4.891369 1 
384.751921 4.889998 1 
385.844217 4.816510 1 
386.214509 4.791848 1 
386.496819 4.773131 1 
386.806791 4.752665 1 
387.073749 4.735108 1 
387.275415 4.721889 1 
387.781468 4.688879 1 
387.906146 4.680782 1 
388.140264 4.665615 1 
388.196936 4.661951 1 
388.508963 4.641828 1 
389.122393 4.602522 1 
389.156300 4.600359 1 
390.700835 4.502904 1 
391.095165 4.478356 1 
391.487280 4.454078 1 
391.965779 4.424630 1 
392.060746 4.418809 1 
392.134573 4.414289 1 
392.195042 4.410590 1 
392.225115 4.408751 1 
393.009731 4.361057 1 
393.180221 4.350762 1 
393.752610 4.316375 1 
393.997374 4.301754 1 
393.997683 4.301735 1 
394.065886 4.297670 1 
394.066562 4.297630 1 
394.147593 4.292805 1 
394.321979 4.282439 1 
394.686533 4.260851 1 
395.032501 4.240465 1 
395.199357 4.230667 1 
395.229375 4.228907 1 
395.647635 4.204458 1 
395.995687 4.184220 1 
396.024075 4.182574 1 
396.077098 4.179500 1 
396.089445 4.178785 1 
396.226296 4.170865 1 
396.379508 4.162015 1 
396.385362 4.161678 1 
397.063319 4.122747 1 
397.145256 4.118067 1 
397.250390 4.112069 1 
398.222479 4.057027 1 
398.262429 4.054781 1 
398.291113 4.053169 1 
398.292715 4.053079 1 
398.361741 4.724069 1 
398.453522 4.718062 1 
398.699426 5.373721 1 
398.915644 5.357638 1 
399.032246 5.348984 1 
399.515424 5.313275 1 
401.090843 5.198492 1 
401.936230 5.137923 1 
402.434805 5.102534 1 
402.542677 5.094909 1 
402.748945 5.080361 1 
402.925450 5.067945 1 
403.815958 5.005766 1 
404.016564 4.991864 1 
404.082816 4.987281 1 
405.309357 4.903197 1 
405.421457 4.895583 1 
406.089456 5.456765 1 
406.598893 5.418363 1 
406.906412 5.395313 1 
407.416860 5.357269 1 
408.277031 5.293766 1 
408.859478 5.251193 1 
408.981103 5.242347 1 
409.139101 5.230877 1 
409.535469 5.202213 1 
409.551593 5.201051 1 
410.425549 5.138417 1 
410.791516 5.112414 1 
410.893199 5.105212 1 
411.036556 5.095077 1 
411.136898 5.087994 1 
411.264421 5.079007 1 
411.593363 5.055899 1 
411.692607 5.048948 1 
411.987926 5.028320 1 
412.634595 4.983444 1 
412.666262 4.981256 1 
412.947209 4.961893 1 
412.970714 4.960277 1 
413.296108 4.937952 1 
413.344073 4.934670 1 
413.373390 4.932664 1 
413.389610 4.931555 1 
413.443620 4.927864 1 
413.926967 4.894955 1 
414.061988 5.428668 1 
414.199931 5.418297 1 
415.516715 5.320286 1 
415.857427 5.295216 1 
415.909468 5.291397 1 
416.002198 5.284599 1 
416.072941 5.279419 1 
416.101354 5.277340 1 
416.562825 5.243687 1 
416.979734 5.213468 1 
417.024204 5.210255 1 
417.118621 5.723784 1 
417.354158 5.705125 1 
418.549127 5.611393 1 
418.664243 5.602445 1 
419.028836 5.574200 1 
419.081909 5.570100 1 
419.130962 5.566314 1 
419.330126 5.550967 1 
419.714187 5.521491 1 
419.776987 5.516686 1 
419.994238 5.500096 1 
419.995496 9.000000 1 
420.221825 8.971806 1 
420.642660 8.919617 1 
420.666231 8.916703 1 
420.908618 8.886791 1 
421.001921 8.875304 1 
421.188063 8.852431 1 
421.361614 8.831158 1 
421.440183 8.821545 1 
421.953714 8.758966 1 
421.987562 8.754857 1 
422.116511 8.739221 1 
422.677687 8.671498 1 
423.634268 8.557264 1 
423.889621 8.527025 1 
424.311877 8.477256 1 
424.663440 8.436041 1 
424.839151 8.415517 1 
424.843783 8.414977 1 
425.251433 8.367556 1 
425.398637 8.350498 1 
425.717397 8.313679 1 
425.950597 8.286845 1 
427.076452 8.158511 1 
427.138760 8.151467 1 
427.752435 8.082414 1 
428.058932 8.048145 1 
429.056053 7.937661 1 
429.103309 7.932462 1 
430.010584 7.833317 1 
430.292456 7.802767 1 
430.336763 7.797976 1 
430.569316 7.772877 1 
431.075632 7.718510 1 
431.076690 7.718396 1 
431.406210 7.683218 1 
431.639338 7.658427 1 
431.675417 7.654598 1 
431.990849 7.621199 1 
432.110245 8.453994 1 
432.251916 8.437407 1 
433.397285 8.304494 1 
433.442669 8.299271 1 
433.680766 8.271923 1 
433.770249 8.261668 1 
434.290957 8.202245 1 
434.296239 8.201645 1 
434.341700 8.196477 1 
434.417801 8.187835 1 
434.452953 8.183846 1 
434.481534 8.180604 1 
434.929272 8.129984 1 
434.935824 8.129246 1 
435.038480 8.117685 1 
435.708014 8.042688 1 
436.141937 7.994453 1 
436.400287 7.965872 1 
436.533386 7.951187 1 
436.642242 7.939197 1 
437.202496 7.877774 1 
437.431180 7.852840 1 
437.519277 7.843255 1 
437.622991 7.831986 1 
438.017210 7.789301 1 
438.098019 7.780580 1 
438.327484 7.755868 1 
438.423560 7.745545 1 
438.437213 7.744080 1 
438.622251 7.724240 1 
438.742047 7.711423 1 
439.104690 7.672753 1 
439.699579 7.609736 1 
439.806273 7.598489 1 
440.118445 8.322244 1 
440.510267 8.277162 1 
440.690629 8.256492 1 
440.940729 8.227915 1 
441.004795 8.220611 1 
441.201892 8.198180 1 
441.562824 8.157262 1 
441.664876 8.886251 1 
442.365318 8.800381 1 
442.572430 8.775150 1 
442.682441 8.761778 1 
442.991654 8.724300 1 
443.084953 8.713023 1 
443.364218 8.679356 1 
443.869745 8.618743 1 
444.190996 8.580445 1 
444.361525 8.560185 1 
444.728495 8.516747 1 
445.041526 8.479869 1 
445.109486 8.471883 1 
445.235450 8.457102 1 
445.422587 8.435191 1 
445.680378 8.405099 1 
445.822417 8.388565 1 
446.070061 8.359816 1 
446.231516 8.341126 1 
446.586919 8.300131 1 
446.706164 8.286421 1 
447.432085 8.203450 1 
447.562136 8.188673 1 
447.752395 8.167104 1 
447.764649 8.165716 1 
447.922555 8.826849 1 
448.093892 8.805908 1 
448.255927 8.786150 1 
449.318684 8.657653 1 
449.698192 8.612224 1 
449.853765 8.593670 1 
449.877660 8.590824 1 
449.914604 8.586425 1 
450.136475 8.560055 1 
450.409371 8.527733 1 
450.719146 8.491190 1 
450.870970 8.473337 1 
450.875693 8.472782 1 
450.901404 8.469763 1 
450.951640 8.463866 1 
451.198232 8.434982 1 
451.635791 8.383972 1 
451.790340 8.366028 1 
452.471111 8.287445 1 
452.528069 8.280904 1 
452.608258 8.271704 1 
452.646587 8.267310 1 
452.940478 8.233695 1 
453.049231 8.221291 1 
453.234667 8.200184 1 
453.474907 8.172919 1 
453.873989 8.127828 1 
453.888500 8.126193 1 
453.969563 8.117066 1 
454.000031 8.113638 1 
454.297805 8.080214 1 
454.350465 8.695419 1 
454.910626 8.628156 1 
455.411031 8.568509 1 
455.495102 8.558529 1 
455.590736 8.547190 1 
455.727726 8.530973 1 
455.821610 8.519877 1 
455.917775 8.508527 1 
456.615875 8.426581 1 
456.760444 8.409709 1 
456.781204 8.407290 1 
456.992557 8.981456 1 
457.786361 8.883162 1 
458.140554 8.839651 1 
458.706316 8.770592 1 
459.124967 8.719837 1 
459.375994 8.689545 1 
459.535718 8.670326 1 
459.724370 8.647680 1 
460.085498 8.604495 1 
460.416220 8.565136 1 
461.329353 8.457396 1 
461.450334 8.443223 1 
462.230530 8.352395 1 
462.246426 8.350555 1 
462.249218 8.350231 1 
462.291108 8.345384 1 
462.481295 8.878303 1 
462.539625 8.871127 1 
462.739221 8.846615 1 
463.224003 8.787360 1 
463.833036 8.713481 1 
463.865476 8.709563 1 
464.262834 8.661718 1 
464.284010 8.659176 1 
464.287211 8.658792 1 
464.375469 8.648204 1 
464.737571 8.604900 1 
465.107479 8.560887 1 
465.561415 8.507184 1 
465.621248 8.500130 1 
465.718938 8.488627 1 
465.902330 8.467073 1 
466.155657 8.437390 1 
466.265669 8.424532 1 
467.147177 8.322208 1 
467.444469 8.287980 1 
467.620911 8.267732 1 
467.666401 8.262520 1 
467.743571 8.253686 1 
467.971429 8.227655 1 
468.096240 8.213432 1 
468.399897 8.178929 1 
468.765662 8.137562 1 
469.029988 8.107798 1 
469.325260 8.074678 1 
469.399980 8.570463 1 
469.627143 8.543516 1 
469.861345 8.515822 1 
469.881792 8.513409 1 
469.947358 8.505674 1 
469.995496 11.000000 1 
470.150137 10.976444 1 
470.150768 10.976348 1 
470.244873 10.962038 1 
470.360349 10.944503 1 
470.467208 10.928302 1 
470.475899 10.926986 1 
470.521347 10.920103 1 
470.752507 10.885165 1 
470.789372 10.879604 1 
471.220247 10.814811 1 
471.220577 10.814762 1 
471.410037 10.786395 1 
472.047358 10.691515 1 
472.853306 10.572725 1 
472.874750 10.569583 1 
472.977112 11.514104 1 
473.113890 11.492292 1 
473.194529 11.479452 1 
473.351657 11.454474 1 
473.431973 11.441727 1 
473.522380 11.427396 1 
473.808361 11.382182 1 
473.876958 11.371363 1 
473.985470 11.354270 1 
474.584007 11.260448 1 
474.906865 11.210161 1 
475.077235 11.183716 1 
476.100916 11.026126 1 
476.337680 10.989995 1 
476.380030 10.983545 1 
476.693195 10.935964 1 
476.761092 10.925676 1 
476.762156 10.925514 1 
476.798670 10.919985 1 
477.368232 10.834103 1 
477.514951 10.812089 1 
477.688691 10.786079 1 
477.790689 10.770838 1 
477.831895 10.764687 1 
478.015792 10.737279 1 
478.483725 10.667853 1 
479.054345 10.583798 1 
479.140023 10.571234 1 
479.232950 10.557625 1 
479.333581 10.542907 1 
480.602055 10.359133 1 
481.144040 10.281591 1 
481.397149 10.245578 1 
481.397408 10.245541 1 
481.512553 10.229200 1 
482.246664 10.125626 1 
482.571060 10.080192 1 
482.595119 10.916567 1 
482.758350 10.891892 1 
482.942432 10.864132 1 
482.986071 10.857562 1 
482.998697 10.855661 1 
483.112497 10.838549 1 
483.334531 10.805239 1 
484.054283 10.697961 1 
484.601938 10.617049 1 
484.889678 10.574782 1 
485.482291 10.488263 1 
486.667092 10.317402 1 
486.773004 10.302264 1 
486.879332 10.287090 1 
487.211602 10.239814 1 
487.632898 10.963275 1 
487.895000 10.923512 1 
488.088456 10.894256 1 
488.092926 10.893581 1 
488.709588 10.800851 1 
488.790585 10.788730 1 
488.929943 10.767907 1 
489.049985 10.750003 1 
489.691214 10.654866 1 
489.780669 10.641661 1 
489.921506 10.620905 1 
490.171986 10.584088 1 
490.233977 10.574997 1 
490.234401 10.574935 1 
490.553275 10.528291 1 
490.790826 10.493677 1 
490.989480 10.464817 1 
491.234207 10.429374 1 
491.590663 10.377964 1 
491.751833 10.354803 1 
491.763629 11.092617 1 
492.046179 11.785870 1 
492.223026 11.757011 1 
492.807636 11.662112 1 
492.892687 11.648370 1 
492.920945 11.643808 1 
493.231307 11.593818 1 
493.531542 11.545663 1 
493.568402 11.539765 1 
493.751838 11.510457 1 
494.034564 11.465431 1 
494.067278 11.460232 1 
494.342381 11.416609 1 
494.822471 11.340879 1 
495.246242 11.274449 1 
495.308102 11.264785 1 
495.570551 11.223875 1 
496.124958 11.834063 1 
496.853942 11.715072 1 
496.953864 11.698855 1 
497.128366 11.670589 1 
497.527893 11.606128 1 
497.547404 11.602990 1 
497.611271 11.592721 1 
497.719924 11.575273 1 
498.189922 11.500099 1 
498.244696 11.491370 1 
498.722864 11.415447 1 
498.817839 11.400427 1 
498.855617 11.394458 1 
499.364950 11.314287 1 
499.530493 11.288351 1 
499.678122 11.265273 1 
499.892135 11.231900 1 
500.003512 11.214571 1 
500.315489 11.166174 1 
501.073471 11.049455 1 
501.318298 11.012017 1 
501.529905 10.979760 1 
501.720564 10.950778 1 
502.029135 10.904034 1 
502.264460 10.868520 1 
502.521290 10.829892 1 
502.895561 10.773847 1 
503.208450 10.727216 1 
503.323201 10.710165 1 
503.373296 10.702729 1 
503.569608 10.673642 1 
503.579359 10.672199 1 
503.663238 10.659797 1 
503.711668 10.652642 1 
504.076910 11.222302 1 
504.337564 11.181824 1 
504.416310 11.169624 1 
504.523220 11.153082 1 
505.292249 11.034810 1 
505.604168 10.987198 1 
505.879913 10.945278 1 
505.936347 10.936718 1 
506.128158 10.907675 1 
506.356345 10.873225 1 
506.481181 11.457448 1 
506.561496 11.444698 1 
506.681308 11.425705 1 
506.709590 11.421226 1 
507.305576 11.327251 1 
508.784728 11.097347 1 
509.100359 11.048896 1 
509.717140 10.954826 1 
509.900335 10.927040 1 
511.069971 10.751291 1 
511.184357 10.734256 1 
511.192065 10.733109 1 
511.523080 10.683969 1 
511.937617 10.622748 1 
512.062454 10.604380 1 
512.408957 10.553563 1 
512.582027 10.528273 1 
512.792431 10.497609 1 
513.092017 10.454101 1 
513.233606 10.433601 1 
513.715273 10.364165 1 
514.003061 10.322899 1 
514.542828 10.245943 1 
514.682455 10.226130 1 
514.934440 10.190470 1 
515.089164 10.168635 1 
515.475465 10.114325 1 
515.971770 10.044975 1 
516.040041 10.035472 1 
516.043087 10.035049 1 
516.069015 10.559413 1 
516.223344 10.536846 1 
516.378059 10.514270 1 
517.453121 10.358733 1 
518.340615 10.232067 1 
518.403611 10.223135 1 
518.568113 10.199848 1 
518.843169 10.161029 1 
519.037253 10.133727 1 
519.609085 10.053712 1 
519.995496 10.000000 1 
520.551080 9.923276 1 
520.821193 9.886187 1 
520.934545 9.870664 1 
520.943568 9.869429 1 
521.902921 9.739040 1 
522.033153 9.721473 1 
522.049689 9.719245 1 
522.059842 9.717877 1 
522.483362 9.660988 1 
523.307580 9.551229 1 
523.623375 9.509507 1 
523.745220 9.493457 1 
524.036797 9.455161 1 
524.251620 9.427045 1 
524.532918 9.390355 1 
524.652718 9.374772 1 
524.961722 9.334700 1 
525.083295 9.318980 1 
525.126623 9.313385 1 
525.393623 9.278976 1 
525.541560 9.259965 1 
525.774745 9.230080 1 
525.882421 9.216312 1 
526.290748 9.164290 1 
526.518173 9.135442 1 
526.894707 9.087881 1 
527.046832 9.068735 1 
527.337961 9.032209 1 
527.812956 8.972928 1 
527.943579 8.956695 1 
528.215930 8.922942 1 
528.580402 8.877971 1 
528.650355 8.869366 1 
528.694872 8.863894 1 
529.081702 8.816487 1 
529.222398 8.799308 1 
529.425392 8.774581 1 
529.550690 8.759352 1 
529.564559 8.757669 1 
529.623783 8.750481 1 
529.742150 8.736134 1 
529.966121 8.709051 1 
530.150815 8.686781 1 
530.197479 8.681164 1 
530.540105 8.640028 1 
530.559959 8.637650 1 
530.645567 8.627405 1 
530.704781 8.620326 1 
530.732080 8.617064 1 
531.086503 8.574829 1 
531.487643 8.527277 1 
531.741469 9.347057 1 
531.863544 9.331252 1 
532.456327 9.254885 1 
533.223180 9.157018 1 
533.431087 9.130664 1 
534.099798 9.046411 1 
534.253747 9.027125 1 
534.545997 8.990626 1 
534.782597 8.961185 1 
534.845827 9.767273 1 
534.893343 9.760842 1 
535.341946 9.700328 1 
535.476937 9.682192 1 
535.594313 9.666450 1 
535.797597 10.442518 1 
535.801881 10.441898 1 
536.162413 10.389839 1 
536.212681 10.382601 1 
536.640627 10.321188 1 
536.955944 10.276170 1 
537.217787 10.238936 1 
537.224922 10.237923 1 
537.267563 10.231873 1 
537.618305 10.182243 1 
538.059587 10.120144 1 
538.242166 10.094561 1 
538.250176 10.093440 1 
538.679209 10.033586 1 
539.080745 9.977890 1 
539.537717 9.914880 1 
539.829255 9.874889 1 
539.866385 9.869807 1 
539.876637 9.868405 1 
540.056063 9.843889 1 
540.126828 9.834237 1 
540.452729 9.789906 1 
540.831045 9.738697 1 
542.272545 9.546016 1 
543.082893 9.439378 1 
543.633085 9.367655 1 
544.222012 10.006216 1 
544.251630 10.002108 1 
545.090017 9.886532 1 
545.630896 9.812678 1 
545.979103 9.765425 1 
546.041060 9.757041 1 
546.379839 9.711324 1 
547.539424 9.556460 1 
547.882887 9.511066 1 
548.157967 9.474866 1 
548.373988 9.446534 1 
548.965150 9.369434 1 
549.094621 9.352632 1 
549.224859 9.335761 1 
549.382347 9.315401 1 
549.388432 9.314615 1 
549.426652 9.309681 1 
551.566736 9.037540 1 
551.617480 9.031185 1 
552.019486 8.980994 1 
552.338870 8.941318 1 
552.517785 8.919168 1 
552.819071 8.881993 1 
553.053180 8.853214 1 
553.138449 8.842755 1 
553.260843 8.827763 1 
553.677409 8.776932 1 
553.722446 8.771453 1 
554.113665 8.724011 1 
554.209043 8.712483 1 
554.397305 8.689775 1 
554.491069 8.678486 1 
554.847382 8.635724 1 
555.002962 8.617119 1 
555.455174 9.174929 1 
555.523563 9.166235 1 
555.706362 9.143036 1 
555.796700 9.131593 1 
556.200244 9.080650 1 
556.304477 9.067539 1 
556.583529 9.032529 1 
556.874028 8.996226 1 
556.950588 8.986683 1 
557.033897 8.976310 1 
557.255729 8.948749 1 
557.319413 8.940852 1 
558.771683 8.762648 1 
559.589888 8.663817 1 
560.700037 8.531502 1 
560.832993 8.515792 1 
561.650344 8.419845 1 
561.668564 8.417718 1 
561.870043 8.394240 1 
562.054565 8.372794 1 
562.142038 8.362648 1 
562.415840 8.886363 1 
562.638230 8.859009 1 
563.026245 8.811484 1 
563.061676 8.807157 1 
563.189926 8.791513 1 
563.885339 8.707166 1 
564.260649 8.661981 1 
564.584799 8.623144 1 
564.923113 8.582796 1 
565.110457 8.560534 1 
565.235290 8.545732 1 
565.339240 8.533426 1 
565.688819 9.022932 1 
565.914344 8.994767 1 
566.237540 8.954556 1 
566.373162 8.937737 1 
566.625138 8.906570 1 
567.287158 8.825204 1 
567.666104 8.778964 1 
568.116456 8.724326 1 
568.130296 8.722652 1 
568.771076 8.645511 1 
569.213291 8.592673 1 
569.995496 7.000000 1 
570.114413 6.988470 1 
570.166781 6.983398 1 
570.229189 6.977359 1 
570.344254 6.966238 1 
570.483429 6.952810 1 
571.547510 6.851000 1 
571.564270 6.849409 1 
572.167658 6.792354 1 
572.303054 6.779617 1 
573.039948 6.710712 1 
573.259092 6.690356 1 
573.296802 6.686860 1 
573.321135 6.684604 1 
573.481039 6.669803 1 
573.691106 6.650407 1 
573.967257 6.624997 1 
574.235089 6.600444 1 
574.921068 6.537973 1 
575.116341 6.520299 1 
575.585162 6.478059 1 
575.706937 7.391008 1 
576.061651 7.354753 1 
576.473641 7.312867 1 
577.148824 7.244738 1 
577.354507 7.224110 1 
577.517535 7.207801 1 
577.620811 7.197489 1 
578.329845 7.127089 1 
578.440954 7.116120 1 
578.596612 7.100781 1 
578.851074 7.075776 1 
579.101983 7.051207 1 
579.460985 7.016202 1 
580.392221 6.926207 1 
580.818920 6.885357 1 
580.865441 6.880918 1 
580.876999 6.879816 1 
581.146317 6.854178 1 
581.263583 6.843044 1 
582.320868 6.743477 1 
582.690034 7.547685 1 
582.799381 7.536253 1 
583.140512 7.500697 1 
583.636968 7.449252 1 
583.703374 7.442397 1 
583.753759 7.437201 1 
584.677835 7.342535 1 
584.701313 7.340145 1 
584.924608 7.317459 1 
585.455110 7.263841 1 
585.456710 7.263680 1 
586.095647 7.199626 1 
586.514542 7.157938 1 
587.060097 7.104007 1 
588.016935 7.010397 1 
588.244536 6.988313 1 
588.265782 6.986255 1 
588.741589 6.940325 1 
588.789354 6.935730 1 
589.121844 6.903835 1 
589.878792 6.831768 1 
591.248285 6.703289 1 
591.949316 6.638460 1 
592.094511 6.625111 1 
592.098883 6.624710 1 
592.312149 6.605153 1 
592.803322 6.560330 1 
592.991383 6.543249 1 
593.202905 6.524091 1 
593.213680 6.523116 1 
593.244624 6.520318 1 
593.501398 6.497150 1 
593.563386 6.491569 1 
593.909809 6.460468 1 
593.995445 6.452803 1 
594.420083 6.414929 1 
594.982066 7.072384 1 
595.075248 7.063254 1 
595.164878 7.054484 1 
595.515957 7.020233 1 
595.546981 7.017214 1 
595.549127 7.017005 1 
595.575541 7.014436 1 
595.676806 7.004596 1 
596.501157 6.925004 1 
597.074869 6.870145 1 
597.414510 6.837874 1 
597.414894 6.837838 1 
597.499807 6.829793 1 
597.637367 6.816781 1 
597.971356 6.785292 1 
598.146268 6.768859 1 
598.194608 6.764324 1 
598.441715 6.741192 1 
598.552563 6.730841 1 
598.735873 6.713758 1 
598.900993 6.698408 1 
599.106526 6.679349 1 
599.200637 6.670640 1 
599.335103 6.658217 1 
599.534032 6.639881 1 
599.652996 6.628940 1 
599.808178 6.614694 1 
599.999786 6.597147 1 
600.067721 6.590937 1 
600.401123 6.560544 1 
600.526856 6.549119 1 
600.647236 6.538199 1 
600.975451 6.508518 1 
601.116018 6.495847 1 
601.183346 6.489787 1 
601.363449 6.473604 1 
601.392913 6.470960 1 
601.812152 6.433461 1 
601.816141 6.433105 1 
601.987247 6.417863 1 
602.121054 6.405970 1 
602.125425 6.405581 1 
602.205341 6.398489 1 
602.514492 6.371125 1 
602.798276 6.346110 1 
603.008986 6.327600 1 
603.038557 6.325006 1 
603.401535 6.293259 1 
603.586670 6.277128 1 
603.647428 6.271843 1 
604.470944 6.200649 1 
604.745661 6.177079 1 
605.206886 6.137709 1 
605.418888 6.119697 1 
606.180090 6.055459 1 
606.496913 6.028921 1 
606.598840 6.020408 1 
607.195293 5.970833 1 
607.226473 5.968252 1 
608.289294 5.880962 1 
608.373123 5.874132 1 
608.883504 5.832716 1 
609.180875 5.808721 1 
610.554297 5.699171 1 
610.555918 5.699043 1 
610.900498 5.671884 1 
610.974978 5.666031 1 
611.474843 5.626903 1 
611.539074 5.621895 1 
612.206361 5.570129 1 
612.458197 5.550717 1 
613.092389 6.052343 1 
613.479493 6.567219 1 
613.957119 6.523879 1 
613.958193 6.523782 1 
614.165547 7.047144 1 
614.183399 7.045400 1 
614.396729 7.024595 1 
614.667787 6.998249 1 
615.495638 6.918393 1 
615.854299 6.884079 1 
615.998226 6.870357 1 
616.048004 6.865618 1 
616.245537 6.846843 1 
616.303168 6.841375 1 
616.361021 6.835890 1 
616.683820 6.805368 1 
616.721042 6.801858 1 
617.339057 6.743832 1 
617.376922 6.740292 1 
618.359429 6.649109 1 
618.680169 6.619610 1 
618.764901 6.611839 1 
618.801542 6.608481 1 
618.929683 6.596752 1 
618.997880 6.590519 1 
619.052210 6.585557 1 
619.835014 6.514477 1 
619.861290 6.512104 1 
619.965375 6.502715 1 
619.995496 9.000000 1 
620.016311 8.997403 1 
620.290323 8.963291 1 
620.755857 8.905631 1 
620.940682 8.882842 1 
621.867284 8.769467 1 
622.063848 8.745604 1 
622.147056 8.735521 1 
622.673030 8.672058 1 
622.854407 8.650280 1 
622.933059 8.640853 1 
623.075494 8.623808 1 
623.248824 8.603111 1 
623.514186 8.571521 1 
623.570109 8.564878 1 
623.626000 8.558245 1 
623.758924 9.491654 1 
623.979741 9.462643 1 
624.077335 9.449849 1 
624.401673 9.407455 1 
625.215523 9.301914 1 
625.258895 9.296323 1 
627.468016 9.015939 1 
629.000609 8.826404 1 
629.338043 8.785212 1 
629.350937 8.783642 1 
630.182111 8.683013 1 
630.997684 8.585394 1 
631.041355 8.580198 1 
631.242802 8.556270 1 
631.688042 8.503620 1 
632.084837 8.456972 1 
632.239691 8.438837 1 
632.251011 8.437513 1 
632.892185 8.362848 1 
632.963562 8.354577 1 
633.859469 8.251456 1 
633.893212 8.247597 1 
634.380226 8.192101 1 
634.678037 8.158349 1 
634.731856 8.152265 1 
635.848097 8.027084 1 
635.999207 8.010287 1 
636.130653 7.995703 1 
636.183926 7.989801 1 
636.668835 7.936271 1 
637.046767 7.894800 1 
637.150974 7.883403 1 
637.279406 7.869380 1 
637.540614 7.840935 1 
638.008626 7.790228 1 
638.318262 7.756860 1 
638.610527 7.725496 1 
638.787471 7.706568 1 
638.943962 7.689868 1 
639.365524 7.645058 1 
639.385960 7.642893 1 
639.822243 7.596807 1 
640.285941 7.548130 1 
640.389257 7.537326 1 
641.039560 7.469682 1 
641.180152 7.455138 1 
641.768416 7.394588 1 
641.996594 7.371234 1 
642.319366 7.338325 1 
642.720656 7.297614 1 
643.469794 7.222219 1 
644.460256 7.123730 1 
644.525111 7.117328 1 
644.653392 7.104682 1 
645.260094 7.045178 1 
645.574486 7.014539 1 
646.046737 6.968766 1 
646.106905 6.962956 1 
646.124225 6.961284 1 
646.329484 6.941504 1 
646.339757 6.940516 1 
646.517979 6.923389 1 
646.861563 6.890491 1 
646.875019 7.578126 1 
647.031949 7.561658 1 
647.344902 7.528923 1 
647.390483 7.524167 1 
647.451449 7.517811 1 
647.567518 7.505724 1 
647.611368 7.501162 1 
647.679517 7.494079 1 
647.923956 8.147702 1 
648.025287 8.136265 1 
648.511938 8.081559 1 
648.577127 8.074259 1 
648.773442 8.052315 1 
649.702007 7.949325 1 
649.989983 7.917653 1 
650.735410 7.836254 1 
650.984549 7.809236 1 
651.593623 7.743576 1 
652.109346 7.688411 1 
652.271745 7.671122 1 
652.530384 7.643666 1 
652.886698 8.239836 1 
653.042318 8.222079 1 
653.064259 8.219579 1 
653.099922 8.215516 1 
653.100106 8.215495 1 
653.277880 8.195273 1 
653.304268 8.192276 1 
653.474164 8.173004 1 
653.761926 8.140464 1 
653.919515 8.122700 1 
653.942683 8.120091 1 
654.094010 8.103075 1 
654.222425 8.088662 1 
654.307444 8.079135 1 
654.404483 8.068273 1 
654.471653 8.060764 1 
654.938567 8.008757 1 
655.122168 7.988398 1 
655.137207 7.986733 1 
655.145020 7.985868 1 
655.273252 7.971684 1 
655.389980 7.958795 1 
655.420604 7.955417 1 
655.534417 7.942875 1 
655.852627 7.907914 1 
656.189102 7.871113 1 
656.191684 7.870831 1 
656.256134 7.863802 1 
656.588833 7.827616 1 
656.699175 7.815652 1 
656.739179 7.811318 1 
657.109047 7.771369 1 
657.472379 7.732324 1 
657.734084 7.704322 1 
658.224019 7.652172 1 
658.261993 7.648145 1 
658.753398 7.596220 1 
658.791002 7.592261 1 
658.959781 7.574518 1 
659.059061 7.564100 1 
659.092410 7.560604 1 
659.114330 7.558307 1 
659.381713 7.530342 1 
659.849124 7.481705 1 
659.902713 7.476149 1 
659.905845 7.475825 1 
660.376415 7.427215 1 
660.396335 7.425164 1 
660.965310 7.366827 1 
661.072830 7.355855 1 
661.076048 7.355527 1 
661.273849 7.335385 1 
661.507865 7.311626 1 
661.787745 7.283312 1 
662.012646 7.260640 1 
662.101831 7.251669 1 
662.250998 7.236689 1 
662.419829 7.219771 1 
662.785620 7.183253 1 
662.935595 7.168333 1 
662.964598 7.165452 1 
662.980805 7.163842 1 
663.322802 7.678416 1 
663.590019 7.650025 1 
664.180689 8.129613 1 
664.615194 8.080792 1 
664.655163 8.076315 1 
664.699887 8.071310 1 
664.742119 8.066586 1 
664.890993 8.049955 1 
664.906446 8.048230 1 
665.763507 7.953172 1 
665.935221 7.934262 1 
666.012468 7.925770 1 
666.530811 7.869022 1 
666.598400 7.861652 1 
667.280641 7.787648 1 
667.498149 7.764201 1 
667.580466 7.755346 1 
668.080132 7.701812 1 
668.765289 7.629004 1 
669.323325 7.570214 1 
669.445611 7.557391 1 
669.567122 7.544671 1 
669.769592 7.523524 1 
669.810121 7.519299 1 
669.995496 9.000000 1 
670.166853 8.978646 1 
671.034374 8.871312 1 
671.758272 8.782730 1 
671.976850 8.756158 1 
671.999365 8.753425 1 
672.018423 8.751113 1 
672.055213 8.746651 1 
672.093101 8.742058 1 
672.109244 8.740102 1 
672.620391 8.678388 1 
672.640851 8.675927 1 
672.800653 8.656728 1 
672.856188 8.650066 1 
673.468247 8.576981 1 
673.575106 9.515872 1 
674.110281 9.445534 1 
674.362844 9.412521 1 
674.480762 9.397147 1 
674.959974 9.334926 1 
674.968937 9.333766 1 
675.585227 9.254362 1 
675.825370 9.223604 1 
675.996269 9.201778 1 
676.355481 9.156069 1 
676.828692 9.096201 1 
677.470099 9.015678 1 
677.613139 8.997818 1 
678.939904 8.833835 1 
678.968204 8.830370 1 
679.086368 8.815917 1 
679.132528 8.810278 1 
680.485684 8.646548 1 
680.589549 8.634107 1 
681.021132 8.582604 1 
681.230882 8.557684 1 
681.344092 8.544264 1 
681.409651 8.536502 1 
681.420534 8.535214 1 
681.726804 8.499052 1 
681.946580 8.473197 1 
681.952879 8.472457 1 
682.408475 8.419115 1 
682.543699 8.403347 1 
682.731262 8.381525 1 
683.014898 8.348633 1 
683.219086 8.325035 1 
683.322140 9.144465 1 
683.621396 9.106607 1 
683.940929 9.066357 1 
684.154199 9.039591 1 
684.646042 8.978166 1 
684.689087 8.972810 1 
684.814360 8.957241 1 
684.982782 8.936351 1 
685.429249 8.881212 1 
686.321648 8.772017 1 
686.581777 8.740441 1 
686.823096 8.711249 1 
687.191720 8.666846 1 
687.314365 8.652123 1 
687.424703 8.638899 1 
687.832601 8.590187 1 
688.526987 8.507893 1 
688.616274 8.497368 1 
688.854449 8.469358 1 
689.765948 8.363012 1 
689.810336 8.357867 1 
689.984087 8.337760 1 
690.233535 8.308977 1 
690.437229 8.285547 1 
690.608085 8.265945 1 
690.919700 8.230314 1 
690.988257 8.222496 1 
691.720992 8.139396 1 
691.766164 8.134300 1 
692.118669 8.094647 1 
692.584599 8.042531 1 
692.601688 8.040626 1 
692.722841 8.027133 1 
693.183971 7.975982 1 
693.217376 7.972289 1 
693.355070 7.957086 1 
693.816891 7.906306 1 
693.992027 7.887133 1 
694.516401 7.830007 1 
694.640699 8.527119 1 
694.661056 8.524713 1 
695.167260 8.465101 1 
695.719864 8.400500 1 
696.126497 8.353278 1 
696.140245 8.351686 1 
696.359756 8.326310 1 
696.372913 8.324792 1 
696.446599 8.316292 1 
697.624362 8.181612 1 
697.987887 8.140485 1 
698.448618 8.088656 1 
698.805725 8.048712 1 
699.345475 7.988712 1 
699.724175 7.946882 1 
699.757070 7.943259 1 
699.869374 7.930902 1 
699.895035 7.928081 1 
699.988625 8.577618 1 
700.034113 8.572211 1 
700.052080 8.570076 1 
700.103864 8.563926 1 
700.506935 8.516207 1 
700.522987 8.514312 1 
700.558556 8.510114 1 
701.206902 8.433968 1 
701.284174 8.424939 1 
701.309955 8.421928 1 
701.546618 8.394342 1 
701.857720 8.358217 1 
702.347033 8.301713 1 
702.803320 8.883933 1 
703.238417 8.830508 1 
703.540521 8.793603 1 
704.123171 8.722861 1 
704.222759 8.710827 1 
704.254431 8.707003 1 
704.340883 8.696574 1 
704.444367 8.684107 1 
704.534371 8.673278 1 
704.801110 8.641266 1 
705.026811 8.614270 1 
705.079310 8.608003 1 
705.208937 8.592549 1 
705.237882 8.589101 1 
705.426864 8.566629 1 
705.431046 8.566132 1 
705.455052 8.563282 1 
705.466941 8.561871 1 
705.522481 8.555281 1 
705.777899 8.525041 1 
705.873653 8.513733 1 
706.141645 8.482162 1 
706.431809 8.448110 1 
707.115528 8.368414 1 
707.922794 8.275285 1 
708.723911 8.183889 1 
708.807676 8.174391 1 
709.109947 8.140209 1 
709.200809 8.129962 1 
709.490016 8.097432 1 
710.004455 8.614168 1 
710.018497 8.612491 1 
710.667708 8.535327 1 
710.673695 8.534618 1 
711.155967 8.477749 1 
711.170089 8.476089 1 
711.487267 8.438901 1 
711.529068 8.434013 1 
711.660978 8.418604 1 
712.068593 8.929244 1 
712.077838 8.928100 1 
712.168912 8.916835 1 
712.359724 8.893279 1 
712.492785 8.876889 1 
712.659045 8.856453 1 
712.887668 8.828428 1 
712.955300 8.820154 1 
713.137705 8.797879 1 
713.156726 8.795560 1 
713.248180 9.333442 1 
713.260819 9.331806 1 
713.298348 9.326953 1 
713.911764 9.247975 1 
714.502526 9.172546 1 
714.582203 9.162420 1 
714.582699 9.162357 1 
714.919032 9.119736 1 
715.111576 9.095426 1 
715.282781 9.073865 1 
715.584880 9.035943 1 
715.678439 9.024231 1 
716.780790 8.887373 1 
717.538560 8.794500 1 
717.573648 8.790223 1 
717.739347 8.770055 1 
717.785493 8.764446 1 
717.865427 8.754739 1 
717.931458 8.746729 1 
718.727436 8.650743 1 
718.831938 9.146350 1 
719.089184 9.113791 1 
719.408500 9.073536 1 
719.463044 9.066678 1 
719.606552 9.048658 1 
719.672217 9.040425 1 
719.995496 9.000000 1 
720.073730 8.990244 1 
720.081264 8.989305 1 
720.475793 8.940274 1 
720.733347 8.908410 1 
720.792145 8.901152 1 
721.553055 8.807752 1 
722.075923 8.744140 1 
722.898380 8.645008 1 
723.847109 8.532052 1 
723.870713 8.529261 1 
724.074871 8.505155 1 
724.077396 8.504857 1 
724.413355 8.465339 1 
724.843704 8.414986 1 
724.964292 8.400930 1 
725.463775 8.342961 1 
725.470763 8.342152 1 
725.832992 8.300367 1 
726.228403 8.254992 1 
726.360607 8.239877 1 
726.421349 8.232941 1 
726.491653 8.224921 1 
726.635557 8.208529 1 
726.727306 8.198096 1 
726.872041 8.181663 1 
727.942729 8.061120 1 
728.068819 8.047042 1 
728.458513 8.003687 1 
728.498222 7.999282 1 
729.145564 7.927817 1 
729.778809 7.858526 1 
729.787975 7.857528 1 
730.138689 7.819417 1 
730.182625 7.814656 1 
730.194203 7.813402 1 
730.235288 7.808953 1 
730.581518 7.771562 1 
730.856636 7.741978 1 
731.064258 7.719727 1 
731.071764 7.718923 1 
731.200275 7.705184 1 
731.281538 7.696509 1 
732.331476 7.585296 1 
732.585519 7.558629 1 
732.952806 8.355823 1 
733.033793 8.346447 1 
733.142617 8.333865 1 
733.395460 8.304704 1 
733.623720 8.278467 1 
733.650857 8.275353 1 
734.243323 8.207663 1 
734.321784 8.198741 1 
734.381119 8.192000 1 
734.743130 8.150991 1 
734.862889 8.951217 1 
735.030613 8.930428 1 
735.386328 8.886498 1 
735.655303 9.658281 1 
736.030144 9.608222 1 
736.431663 9.554889 1 
736.519983 9.543198 1 
736.631423 9.528466 1 
736.953951 9.485957 1 
737.717763 9.386044 1 
737.864842 9.366925 1 
737.960799 9.354473 1 
738.027367 9.345845 1 
738.085992 9.338252 1 
738.350185 9.304114 1 
738.441613 9.292329 1 
739.191693 9.196205 1 
739.485061 9.158880 1 
739.622885 9.903181 1 
739.868875 9.869467 1 
740.130147 9.833784 1 
740.479090 9.786329 1 
740.798928 9.743034 1 
740.923296 9.726250 1 
741.059285 9.707932 1 
741.109654 9.701155 1 
741.635946 10.371452 1 
741.644821 10.370176 1 
741.717742 10.359698 1 
741.846498 10.341223 1 
743.234107 10.144197 1 
743.270304 10.139108 1 
743.282405 10.137407 1 
743.915771 10.048787 1 
743.973196 10.040790 1 
744.864829 9.917443 1 
745.092466 9.886196 1 
745.128166 9.881305 1 
745.442805 9.838298 1 
745.463331 9.835499 1 
745.487339 9.832226 1 
745.584484 9.818994 1 
745.662473 9.808383 1 
745.697264 9.803654 1 
745.758103 9.795389 1 
746.071247 9.752958 1 
746.651413 9.674832 1 
746.667638 9.672656 1 
747.329495 9.584313 1 
747.444005 9.569110 1 
747.581336 9.550909 1 
748.741174 9.398571 1 
749.243979 9.333287 1 
749.249233 9.332607 1 
749.431921 9.309001 1 
749.569698 9.291238 1 
749.816761 9.259470 1 
750.134115 9.218823 1 
750.221613 9.207647 1 
750.351673 9.191061 1 
750.450285 9.178505 1 
750.735943 9.142229 1 
751.338025 9.066240 1 
751.356906 9.063867 1 
751.815217 9.006462 1 
751.834686 9.004032 1 
751.912627 8.994308 1 
751.917456 8.993706 1 
752.132188 8.966973 1 
752.314458 8.944344 1 
752.459732 8.926349 1 
752.649331 8.902918 1 
752.822606 8.881558 1 
752.863920 8.876472 1 
753.491081 8.799632 1 
753.796979 8.762395 1 
754.181826 8.715771 1 
754.928587 8.626008 1 
754.948528 8.623624 1 
755.744562 8.528982 1 
755.905120 8.510020 1 
756.049281 8.493029 1 
756.554376 8.433768 1 
756.608497 8.427443 1 
756.670424 8.420211 1 
756.741753 8.411889 1 
757.287142 8.348529 1 
757.869810 8.281365 1 
758.010581 8.265220 1 
758.324236 8.229359 1 
758.568482 8.201542 1 
759.133610 8.137539 1 
759.272551 8.121881 1 
759.440942 8.102943 1 
759.485431 8.097947 1 
759.520409 8.094021 1 
760.741776 7.958129 1 
760.747242 7.957526 1 
760.776241 7.954328 1 
760.844411 7.946814 1 
761.730391 7.849806 1 
762.134082 7.805999 1 
762.442216 7.772725 1 
762.485967 7.768012 1 
762.559630 7.760084 1 
762.617738 7.753835 1 
762.695315 7.745501 1 
762.762605 7.738279 1 
763.864795 8.165293 1 
763.969337 8.153468 1 
764.133604 8.134922 1 
765.486218 7.983803 1 
765.564747 7.975116 1 
765.619730 7.969040 1 
766.242447 7.900542 1 
766.455160 7.877279 1 
766.845252 7.834795 1 
766.934057 7.825155 1 
767.000420 7.817959 1 
767.114212 7.805636 1 
767.254621 7.790458 1 
767.272891 7.788485 1 
767.412161 7.773462 1 
767.792051 7.732632 1 
768.594619 7.647076 1 
768.681117 7.637911 1 
768.907730 7.613954 1 
769.009421 7.603228 1 
769.569964 7.544374 1 
769.995496 3.000000 1 
770.140204 2.993988 1 
770.736998 2.969320 1 
770.757730 2.968466 1 
771.737127 2.928435 1 
771.806062 2.925638 1 
772.973472 2.878671 1 
773.038940 2.876060 1 
773.224002 2.868691 1 
773.750198 2.847841 1 
774.246948 2.828297 1 
774.987924 2.799393 1 
775.160775 2.792693 1 
775.466677 2.780875 1 
775.568339 2.776959 1 
775.912515 2.763740 1 
775.964922 2.761733 1 
775.995471 2.760564 1 
776.341003 2.747372 1 
776.695932 2.733887 1 
777.250228 2.712960 1 
777.719439 2.695371 1 
778.011010 2.684498 1 
778.095921 2.681340 1 
778.323130 2.672907 1 
778.374449 2.671006 1 
778.588174 2.663104 1 
779.018505 2.647264 1 
779.028586 2.646895 1 
779.274213 3.517196 1 
779.399723 3.511081 1 
779.439518 3.509145 1 
779.536581 3.504426 1 
779.638126 3.499497 1 
780.078298 3.478207 1 
780.460169 3.459843 1 
780.770396 3.444995 1 
781.265543 3.421429 1 
781.469933 3.411748 1 
781.538619 3.408501 1 
781.553663 4.259738 1 
781.610634 4.256375 1 
781.640431 4.254617 1 
782.000215 4.233450 1 
782.027842 4.231829 1 
782.566603 5.040407 1 
782.802406 5.023958 1 
782.829902 5.022043 1 
782.921300 5.015684 1 
782.933484 5.014837 1 
783.431359 4.980344 1 
784.268051 4.922910 1 
784.647787 4.897063 1 
784.744520 4.890500 1 
784.880983 4.881257 1 
785.105241 4.866106 1 
785.197510 4.859885 1 
785.549544 4.836226 1 
785.570031 4.834852 1 
785.825485 4.817761 1 
786.160837 4.795415 1 
786.395169 4.779862 1 
786.643774 4.763417 1 
787.169451 4.728830 1 
787.607120 4.700226 1 
787.639135 4.698140 1 
787.879853 4.682488 1 
787.992610 4.675175 1 
788.028984 4.672818 1 
788.396046 4.649100 1 
788.418219 4.647671 1 
788.470255 4.644320 1 
788.804724 4.622835 1 
789.189643 4.598233 1 
789.258033 4.593875 1 
789.311976 4.590441 1 
789.369060 4.586810 1 
789.386190 4.585721 1 
789.775648 4.561029 1 
789.838620 4.557049 1 
789.892956 4.553618 1 
789.948274 4.550127 1 
790.026350 4.545205 1 
790.294802 4.528321 1 
790.582504 4.510297 1 
790.871527 4.492261 1 
790.939731 4.488016 1 
790.990237 4.484875 1 
791.216275 4.470843 1 
791.360540 4.461911 1 
792.094135 4.416764 1 
792.279331 4.405439 1 
792.691968 4.380310 1 
792.985903 4.362498 1 
793.000266 4.361629 1 
793.023710 4.360212 1 
793.192550 4.350018 1 
793.644396 4.322855 1 
793.979757 4.302804 1 
794.097388 4.295794 1 
794.150321 4.292642 1 
794.459737 4.274269 1 
794.602104 4.265841 1 
794.621168 4.264714 1 
794.677304 4.261397 1 
794.725505 4.258550 1 
794.846485 4.959983 1 
795.204064 4.935457 1 
795.365482 4.924425 1 
795.696908 4.901851 1 
795.890781 4.888694 1 
796.283545 4.862148 1 
796.632044 4.838715 1 
796.681020 4.835431 1 
796.787429 4.828303 1 
797.197098 4.800960 1 
797.257785 4.796923 1 
797.333031 4.791921 1 
797.458000 4.783627 1 
797.659846 4.770260 1 
798.759059 4.698120 1 
798.909987 4.688301 1 
799.504359 4.649829 1 
799.597961 4.643799 1 
799.682923 4.638333 1 
799.898020 4.624523 1 
800.055259 4.614453 1 
800.153981 4.608142 1 
800.662224 4.575788 1 
800.986009 4.555296 1 
801.204921 4.541492 1 
801.205815 4.541436 1 
801.229115 4.539969 1 
801.434454 4.527064 1 
801.743030 4.507740 1 
802.100974 4.485427 1 
802.154839 4.482079 1 
802.195356 4.479562 1 
802.761768 4.444526 1 
802.811961 4.441434 1 
803.317173 4.410436 1 
803.611493 4.392478 1 
804.021809 4.367563 1 
804.382290 4.345792 1 
804.876002 4.316149 1 
805.290130 4.291441 1 
805.353957 4.287646 1 
805.663826 4.269267 1 
805.947997 4.252481 1 
805.957396 4.251927 1 
806.059596 4.245907 1 
806.104428 4.243269 1 
806.228380 4.235984 1 
806.241178 4.235233 1 
806.328450 4.230112 1 
806.544489 4.217462 1 
806.562078 4.216434 1 
806.876980 4.198067 1 
806.964311 4.192988 1 
808.009993 4.132644 1 
808.068499 4.129293 1 
808.232815 4.119898 1 
808.627997 4.097389 1 
809.612251 4.041861 1 
809.941873 4.023434 1 
809.951214 4.022913 1 
810.101324 4.014550 1 
810.148171 4.011944 1 
810.494214 3.992744 1 
810.702959 3.981206 1 
811.185601 3.954658 1 
811.304108 4.512190 1 
811.640504 4.491196 1 
811.922154 4.473695 1 
812.233891 4.454403 1 
812.870240 4.415281 1 
813.316161 4.388070 1 
813.792442 4.359193 1 
814.424175 4.321183 1 
814.431189 4.320763 1 
814.476707 4.318038 1 
814.496171 4.316873 1 
814.530043 4.314846 1 
814.535729 4.314506 1 
814.872719 4.294397 1 
814.913318 4.291981 1 
815.774357 4.241054 1 
815.814159 4.238714 1 
815.841168 4.237128 1 
816.652801 4.189720 1 
816.768881 4.182983 1 
817.839798 4.121341 1 
817.845849 4.120996 1 
818.264408 4.097153 1 
818.544751 4.081261 1 
818.596463 4.078336 1 
818.637691 4.076006 1 
818.724151 4.071123 1 
818.836065 4.064812 1 
818.928078 4.059630 1 
819.196601 4.044546 1 
819.315982 4.037858 1 
819.322238 4.037508 1 
819.368307 4.034930 1 
819.560502 4.024194 1 
819.634931 4.020044 1 
819.750301 4.013620 1 
819.995496 4.000000 1 
820.099294 3.994248 1 
820.563561 3.968624 1 
821.693690 3.906932 1 
821.822000 3.899989 1 
822.296393 3.874425 1 
822.569986 3.859757 1 
822.806387 3.847129 1 
822.866264 3.843937 1 
822.884012 3.842991 1 
822.894958 4.803010 1 
822.970461 4.797985 1 
823.216162 4.781671 1 
823.715682 4.748673 1 
823.976049 4.731564 1 
824.576759 4.692325 1 
824.930437 4.669374 1 
825.028786 4.663012 1 
825.247404 4.648902 1 
827.411233 4.511519 1 
828.461930 4.446282 1 
828.658493 4.434183 1 
828.915084 4.418438 1 
829.094841 4.407441 1 
829.178406 4.402338 1 
829.230699 4.399148 1 
830.175124 4.341927 1 
830.298730 4.334493 1 
830.439242 4.326059 1 
830.918416 4.297417 1 
831.178347 4.281959 1 
831.179893 4.281867 1 
831.233037 4.278714 1 
831.393536 4.269205 1 
831.690027 4.251693 1 
831.749025 4.248217 1 
832.047872 4.230654 1 
832.384490 4.210957 1 
832.611740 4.197712 1 
832.787431 4.187501 1 
833.036967 4.173040 1 
833.118658 4.168317 1 
833.204978 4.163332 1 
833.297067 4.158020 1 
833.511096 4.145701 1 
833.858676 4.125773 1 
833.928316 4.121792 1 
834.274649 4.102050 1 
834.333057 4.098730 1 
834.582144 4.901521 1 
834.899029 4.880036 1 
834.953005 4.876386 1 
835.491115 4.840144 1 
836.046389 4.803029 1 
836.065198 4.801777 1 
836.383222 4.780654 1 
836.440542 4.776857 1 
837.671372 4.696041 1 
837.773635 4.689388 1 
837.973161 4.676435 1 
838.242147 4.659030 1 
839.002256 4.610193 1 
839.151046 4.600694 1 
839.511795 4.577743 1 
839.547912 4.575452 1 
839.683563 4.566856 1 
840.714831 4.502030 1 
840.771257 4.498510 1 
841.887421 4.429439 1 
842.129864 4.414577 1 
842.534028 4.389912 1 
842.925314 4.366163 1 
843.007084 4.361217 1 
843.268709 4.345428 1 
843.612854 4.324746 1 
844.053690 4.298397 1 
844.117181 4.294615 1 
844.306793 4.283341 1 
844.568609 4.267823 1 
845.637430 4.205053 1 
845.879560 4.190961 1 
845.959271 4.186333 1 
846.043969 4.181420 1 
846.185989 4.173196 1 
846.489969 4.155647 1 
846.587580 4.841698 1 
846.808433 4.826897 1 
847.049290 4.810807 1 
847.230766 4.798720 1 
847.256265 4.797024 1 
847.877788 4.755869 1 
847.980564 4.749098 1 
848.998935 4.682523 1 
849.034250 4.680231 1 
849.472981 4.651852 1 
849.495223 4.650418 1 
849.790057 4.631449 1 
850.031629 4.615965 1 
850.118837 4.610388 1 
851.129663 4.546233 1 
851.261226 4.537949 1 
851.451706 4.525982 1 
851.565080 4.518874 1 
851.917308 4.496862 1 
851.993098 4.492140 1 
852.372248 4.468591 1 
852.619252 4.453315 1 
853.072110 4.425445 1 
853.183397 4.418623 1 
853.223599 4.416161 1 
853.439322 4.402974 1 
854.022808 4.367503 1 
854.117010 4.361803 1 
854.260598 4.353129 1 
854.445313 4.341997 1 
855.281987 4.291926 1 
855.376115 4.286329 1 
855.469164 4.280803 1 
855.784340 4.262140 1 
855.975155 4.250881 1 
856.399739 4.225933 1 
856.580437 4.215361 1 
856.910226 4.196133 1 
857.500212 4.161953 1 
857.778564 4.738199 1 
857.866204 5.324001 1 
858.678177 5.264408 1 
859.016969 5.239741 1 
859.168404 5.228753 1 
859.270260 5.221375 1 
859.359318 5.214932 1 
859.640133 5.194671 1 
859.675233 5.192144 1 
859.713002 5.189426 1 
859.935946 5.173412 1 
860.145596 5.158398 1 
860.146887 5.158305 1 
861.094290 5.091000 1 
861.909382 5.033798 1 
862.068171 5.022729 1 
862.378686 5.001155 1 
862.506985 4.992267 1 
862.537367 4.990165 1 
862.757728 4.974944 1 
862.951359 4.961608 1 
863.343711 4.934694 1 
863.505683 4.923626 1 
864.646066 4.846400 1 
864.985209 5.359632 1 
865.433932 5.326395 1 
866.514221 5.247221 1 
866.562456 5.243714 1 
867.253082 5.193749 1 
867.258529 5.193357 1 
867.488242 5.176845 1 
867.906112 5.146943 1 
868.427563 5.109871 1 
868.495534 5.105058 1 
868.515124 5.103672 1 
868.557074 5.100705 1 
868.850286 5.080013 1 
869.143223 5.059425 1 
869.273602 5.050289 1 
869.640934 5.024637 1 
869.763858 5.016082 1 
869.917644 5.005399 1 
869.993443 5.000142 1 
869.995496 5.000000 1 
870.455222 4.968236 1 
870.759529 4.947321 1 
871.028984 4.928875 1 
871.146987 4.920818 1 
871.473972 4.898563 1 
872.630278 4.820666 1 
872.653707 5.782921 1 
872.730891 5.776736 1 
873.222745 5.737481 1 
873.468763 5.717947 1 
873.781983 5.693172 1 
874.018557 5.674532 1 
874.261598 5.655445 1 
874.352114 5.648353 1 
874.725104 5.619222 1 
874.821082 6.547042 1 
875.669805 6.470462 1 
876.143186 6.428139 1 
876.545422 6.392394 1 
876.808974 6.369082 1 
877.308331 6.325144 1 
877.505869 6.307846 1 
877.771331 6.284675 1 
878.364634 6.233196 1 
878.660214 6.207707 1 
878.692586 6.204922 1 
878.912815 6.186007 1 
879.214239 6.160212 1 
879.602941 6.127107 1 
880.050807 6.089183 1 
880.784953 6.027525 1 
881.063188 6.004321 1 
881.501472 5.967950 1 
882.524518 6.724465 1 
882.805231 6.698348 1 
883.036981 6.676862 1 
883.304162 6.652178 1 
883.647022 6.620634 1 
883.761119 6.610171 1 
883.762793 6.610017 1 
883.853541 6.601707 1 
884.172529 6.572578 1 
884.211361 6.569041 1 
884.535022 6.539632 1 
884.640438 6.530082 1 
885.772718 6.428382 1 
886.083792 6.400719 1 
886.086202 6.400506 1 
886.303489 6.381255 1 
887.108279 6.310456 1 
887.125680 6.308934 1 
887.725235 6.256714 1 
888.341785 6.203465 1 
888.834568 6.161231 1 
889.027635 6.144762 1 
889.381615 6.114683 1 
890.436320 6.025928 1 
890.640779 6.008873 1 
890.684287 6.005250 1 
890.911521 5.986362 1 
891.096435 5.971036 1 
891.186290 5.963603 1 
891.396628 5.946239 1 
891.835423 5.910177 1 
892.123430 5.886627 1 
892.245024 5.876713 1 
892.657716 5.843188 1 
893.014775 5.814336 1 
893.196615 5.799697 1 
893.402270 5.783186 1 
893.618041 5.765913 1 
893.782552 5.752778 1 
894.450563 5.699750 1 
894.714684 5.678919 1 
894.912885 5.663336 1 
895.042474 5.653171 1 
895.142759 5.645318 1 
895.259593 5.636181 1 
895.261066 5.636066 1 
895.280036 5.634584 1 
895.476244 5.619279 1 
895.643874 5.606236 1 
896.307714 5.554880 1 
897.151521 5.490279 1 
897.188656 5.487454 1 
897.230275 5.484288 1 
897.369686 5.473699 1 
897.431624 5.469001 1 
897.915498 5.432439 1 
898.279919 5.405063 1 
898.627918 5.379051 1 
899.072494 6.014251 1 
899.518784 6.641285 1 
899.625917 6.631428 1 
899.774393 6.617793 1 
899.891445 6.607063 1 
899.982491 6.598729 1 
900.022819 6.595041 1 
900.050954 6.592469 1 
900.251950 6.574126 1 
900.279693 6.571598 1 
900.493476 6.552150 1 
900.908406 6.514570 1 
901.168308 6.491140 1 
901.220935 6.486406 1 
901.278163 6.481262 1 
901.297219 6.479550 1 
901.411124 6.469327 1 
901.421261 6.468417 1 
901.631652 6.449579 1 
901.715313 6.442103 1 
902.127843 6.405367 1 
902.688715 6.355756 1 
902.702641 6.354529 1 
902.991554 6.329129 1 
903.240195 6.307351 1 
903.918381 6.248329 1 
904.583328 6.190996 1 
904.844869 6.168589 1 
904.879735 6.165609 1 
904.981258 6.156937 1 
904.993300 6.155910 1 
905.072682 6.149139 1 
905.073742 6.149048 1 
905.175158 6.140409 1 
905.231023 6.135656 1 
905.692878 6.096497 1 
906.274343 6.047552 1 
906.296783 6.045670 1 
906.369981 6.039539 1 
906.453764 6.032528 1 
906.555518 6.024025 1 
906.583170 6.021716 1 
906.647352 6.016360 1 
907.262925 5.965237 1 
907.418594 5.952378 1 
907.535887 5.942707 1 
907.970119 5.907041 1 
908.144714 5.892761 1 
908.261314 5.883243 1 
908.334474 5.877280 1 
908.678581 5.849310 1 
908.817381 5.838065 1 
908.878445 5.833126 1 
909.034490 5.820521 1 
909.059546 5.818499 1 
909.300994 5.799056 1 
909.338949 5.796006 1 
909.413349 5.790031 1 
909.557334 5.778485 1 
909.567339 5.777684 1 
909.754402 5.762720 1 
910.552908 5.699281 1 
910.685348 5.688826 1 
910.796840 5.680041 1 
910.818190 6.246196 1 
910.872724 6.241475 1 
911.138195 6.218548 1 
911.892725 6.153840 1 
912.181428 6.129260 1 
912.191650 6.128392 1 
912.201128 6.127587 1 
912.329322 6.116707 1 
912.391155 6.111466 1 
912.459265 6.105698 1 
912.681482 6.086918 1 
912.785689 6.078131 1 
912.977319 6.062006 1 
913.105129 6.051274 1 
913.305588 6.034481 1 
913.524733 6.016176 1 
914.213252 5.959026 1 
914.398565 5.943737 1 
914.939135 5.899362 1 
915.093269 5.886770 1 
915.139995 5.882958 1 
915.141265 5.882854 1 
915.226613 6.410070 1 
915.504397 6.385433 1 
915.602439 6.376760 1 
915.883271 6.881315 1 
915.991011 6.871044 1 
916.033828 6.866967 1 
916.265627 6.844936 1 
916.298592 6.841809 1 
916.657665 7.331516 1 
916.939061 7.302972 1 
917.540741 7.242310 1 
917.814584 7.214869 1 
918.071093 7.702777 1 
918.127523 7.696754 1 
918.645375 7.641697 1 
918.895951 7.615198 1 
919.156449 7.587747 1 
919.237427 8.084516 1 
919.306091 8.076824 1 
919.433040 8.062622 1 
919.570618 8.047260 1 
919.995496 6.000000 1 
920.547200 5.954286 1 
920.569042 5.952483 1 
920.575186 5.951976 1 
921.122741 5.906967 1 
921.374660 5.886374 1 
921.506578 5.875619 1 
921.566832 5.870713 1 
922.526091 5.793160 1 
922.879030 5.764885 1 
923.241314 5.736004 1 
923.500988 5.715393 1 
923.555603 5.711067 1 
923.993145 5.676531 1 
924.250528 5.656313 1 
924.704485 5.620828 1 
925.343287 5.571272 1 
925.656111 5.547163 1 
926.484392 5.483833 1 
927.125559 5.435306 1 
927.404013 5.414365 1 
927.961690 5.372668 1 
928.073279 5.364363 1 
928.093346 5.362871 1 
928.101234 5.362284 1 
928.269200 5.349813 1 
928.752537 5.314086 1 
929.161166 5.284068 1 
929.656981 5.247873 1 
930.238304 5.205751 1 
930.564646 5.182253 1 
930.704398 5.172223 1 
931.030300 5.148908 1 
932.082123 5.074374 1 
932.099972 5.073119 1 
932.388973 5.052835 1 
932.753920 5.027336 1 
933.408325 4.981934 1 
933.481745 4.976866 1 
933.508330 4.975032 1 
933.599799 4.968728 1 
933.784146 4.956046 1 
933.825354 4.953215 1 
933.966071 4.943562 1 
934.116119 4.933290 1 
934.519512 4.905779 1 
934.874259 4.881712 1 
934.943228 4.877047 1 
935.055525 4.869460 1 
935.629054 4.830898 1 
935.649820 4.829507 1 
935.865353 4.815099 1 
936.035092 4.803782 1 
936.103168 4.799250 1 
936.119136 4.798188 1 
936.630624 4.764286 1 
936.712136 4.758905 1 
936.773996 4.754826 1 
936.953819 4.742987 1 
937.329780 4.718332 1 
937.619595 4.699413 1 
937.771075 4.689555 1 
938.432501 4.646751 1 
938.542166 4.639692 1 
938.816789 4.622062 1 
939.176392 4.599078 1 
939.524262 5.339777 1 
940.452987 5.271469 1 
940.502350 5.267863 1 
940.974601 5.233488 1 
941.014007 5.230630 1 
941.080383 5.225819 1 
941.810777 5.173173 1 
941.997355 5.159809 1 
942.093236 5.152955 1 
942.654506 5.113017 1 
942.730995 5.107598 1 
943.375774 5.062147 1 
943.892682 5.026002 1 
944.615650 4.975881 1 
944.739536 4.967342 1 
944.947356 4.953052 1 
945.146493 4.939397 1 
945.240578 4.932959 1 
945.820149 4.893484 1 
946.004663 4.880982 1 
946.586849 4.841748 1 
946.858152 4.823572 1 
946.868722 4.822865 1 
946.891197 4.821363 1 
947.277399 4.795618 1 
947.689176 4.768321 1 
947.817518 4.759845 1 
947.967674 4.749947 1 
948.393357 4.721999 1 
948.688794 4.702699 1 
949.763835 4.633133 1 
949.869986 4.626320 1 
950.337328 4.596444 1 
950.433097 4.590346 1 
950.630982 4.577771 1 
950.812055 4.566294 1 
951.210877 4.541117 1 
951.675578 4.511957 1 
951.710285 4.509787 1 
952.010501 4.491056 1 
952.031337 4.489759 1 
952.048992 4.488661 1 
952.243873 4.476550 1 
952.361443 4.469260 1 
952.378489 4.468204 1 
952.427012 4.465199 1 
952.714701 4.447427 1 
952.789696 4.442805 1 
952.958954 4.432393 1 
953.077637 4.425106 1 
953.093394 4.424140 1 
954.077601 4.364187 1 
954.196721 4.356986 1 
955.062688 4.304994 1 
955.207844 4.296339 1 
955.922159 4.254005 1 
956.175999 4.844642 1 
956.442252 4.826793 1 
956.828422 4.801022 1 
957.025295 4.787936 1 
957.272243 4.771573 1 
957.458374 4.759277 1 
957.565880 4.752189 1 
957.610296 4.749264 1 
958.396553 4.697779 1 
958.495302 4.691352 1 
958.504623 4.690746 1 
958.733203 4.675906 1 
958.747785 4.674961 1 
958.905426 4.664755 1 
959.083609 4.653247 1 
959.360543 4.635417 1 
959.541803 4.623784 1 
959.960851 4.597001 1 
960.655498 4.552945 1 
961.075080 4.526539 1 
961.323464 4.510979 1 
961.447701 4.503217 1 
961.650159 4.490595 1 
961.853957 4.477926 1 
961.913166 4.474252 1 
961.961960 4.471227 1 
962.380071 4.445385 1 
962.722223 4.424350 1 
963.040451 4.404874 1 
963.232061 4.393189 1 
963.425244 4.381440 1 
963.470020 4.378721 1 
963.754407 4.361492 1 
964.421811 4.861491 1 
964.748697 4.839510 1 
964.933060 4.827157 1 
964.965317 4.824999 1 
965.207360 4.808836 1 
965.278322 4.804108 1 
965.321996 4.801200 1 
965.393517 4.796442 1 
965.501201 4.789287 1 
965.559364 4.785427 1 
965.875724 4.764486 1 
965.961161 4.758846 1 
966.306805 4.736098 1 
966.386275 4.730883 1 
966.404777 4.729670 1 
966.476196 4.724989 1 
966.483668 4.724500 1 
966.623139 4.715374 1 
966.676371 4.711895 1 
966.887651 5.220127 1 
967.528222 5.691374 1 
967.711440 5.676937 1 
968.052395 5.650167 1 
968.114090 5.645337 1 
968.475271 5.617141 1 
968.907611 5.583576 1 
969.381573 6.051283 1 
969.406658 6.049179 1 
969.485297 6.042588 1 
969.865810 6.010797 1 
969.995496 7.000000 1 
970.004083 6.999167 1 
970.544243 6.946951 1 
970.635895 6.938130 1 
970.652170 6.936565 1 
970.989599 6.904193 1 
971.378723 6.867050 1 
971.642958 6.841941 1 
971.715934 6.835023 1 
971.775583 6.829373 1 
971.959663 6.811968 1 
972.712248 6.741268 1 
973.264947 6.689813 1 
973.383501 6.678827 1 
974.159059 6.607404 1 
974.376904 6.587480 1 
974.689571 6.558989 1 
974.704275 6.557652 1 
975.510733 6.484747 1 
975.533569 6.482694 1 
975.568438 6.479561 1 
976.529460 6.393809 1 
976.541586 6.392734 1 
976.796164 6.370213 1 
976.830072 6.367219 1 
977.032463 6.349379 1 
977.123944 6.341332 1 
977.365749 6.320111 1 
977.392583 6.317760 1 
977.514224 6.307116 1 
977.515437 6.307010 1 
977.602937 6.299364 1 
977.666545 6.293811 1 
977.713576 6.289709 1 
978.115897 6.254727 1 
978.125421 6.253901 1 
978.337545 6.235538 1 
978.711301 6.203313 1 
980.288485 6.069153 1 
980.321035 6.066415 1 
980.422427 6.057894 1 
980.553816 6.046870 1 
980.902750 6.017690 1 
980.995768 6.009935 1 
981.043347 6.005973 1 
981.295253 5.985035 1 
981.901126 5.934977 1 
982.061708 5.921779 1 
982.265675 5.905058 1 
982.437096 5.891042 1 
982.559848 5.881026 1 
982.678906 5.871327 1 
983.323968 5.819057 1 
983.338864 6.648978 1 
983.776562 6.608756 1 
984.285095 6.562329 1 
984.447931 6.547532 1 
984.509088 6.541984 1 
985.516227 6.451280 1 
985.593521 6.444371 1 
986.005317 6.407687 1 
986.130845 6.396546 1 
986.177797 6.392384 1 
986.502165 6.363703 1 
986.755179 6.341422 1 
986.767035 6.340380 1 
986.777951 6.339420 1 
987.113506 6.309999 1 
987.249384 6.298124 1 
987.440179 6.281488 1 
987.690252 6.259749 1 
987.748190 6.254724 1 
987.855296 6.245443 1 
987.896639 6.241865 1 
988.278343 6.208923 1 
988.721681 6.170880 1 
989.557572 6.099785 1 
991.998622 5.896821 1 
992.029769 5.894276 1 
992.853501 6.555768 1 
992.921577 6.549584 1 
993.075869 6.535590 1 
993.623182 6.486190 1 
993.776568 6.472413 1 
994.054868 6.447490 1 
994.386656 6.417902 1 
994.463121 6.411103 1 
994.626191 6.396626 1 
994.955878 7.074953 1 
995.018791 7.068785 1 
995.089026 7.061905 1 
995.442202 7.027414 1 
996.224889 6.951577 1 
996.872642 6.889433 1 
997.556078 6.824467 1 
997.643533 6.816199 1 
997.656523 6.814971 1 
997.771326 6.804134 1 
997.830530 6.798552 1 
997.875552 7.473741 1 
997.899714 7.471238 1 
997.987340 7.462167 1 
998.143027 7.446079 1 
998.795167 7.379066 1 
998.991001 7.359060 1 
999.042844 7.353773 1 
999.124907 7.345412 1 
999.515589 7.305737 1 
999.753521 7.281679 1 
999.793366 7.277658 1 
999.856427 7.271298 1 
