0 750.129404 
10 670.456485 
20 605.311194 
30 541.442290 
40 490.593447 
50 443.886841 
60 402.152570 
70 363.237675 
80 332.562067 
90 306.994965 
100 284.098764 
110 263.503275 
120 243.962104 
130 229.130099 
140 215.490792 
150 203.358626 
160 193.999296 
170 184.669260 
180 176.995016 
190 169.336842 
200 164.044783 
210 158.871366 
220 155.552380 
230 150.922420 
240 147.666241 
250 144.792398 
260 142.589124 
270 140.091131 
280 138.688046 
290 137.128668 
300 135.743992 
310 134.384091 
320 132.943177 
330 131.979898 
340 130.832006 
350 130.109097 
360 130.034350 
370 129.117046 
380 129.068140 
390 128.667697 
400 128.451268 
410 128.442230 
420 127.903909 
430 127.733262 
440 127.527824 
450 127.282710 
460 127.066574 
470 126.781146 
480 126.583123 
490 126.808831 
500 126.911539 
510 126.782779 
520 126.658998 
530 126.838164 
540 126.634503 
550 126.655901 
560 126.506359 
570 126.590093 
580 126.638145 
590 126.542226 
600 126.490051 
610 126.612146 
620 126.492869 
630 126.698997 
640 126.748308 
650 126.530433 
660 126.864210 
670 126.768442 
680 126.707408 
690 126.683379 
700 126.665968 
710 126.853894 
720 126.784701 
730 126.559852 
740 126.231872 
750 126.443570 
760 126.301964 
770 126.227447 
780 125.945610 
790 126.097523 
800 126.003698 
810 125.860527 
820 126.050704 
830 126.257754 
840 126.315840 
850 126.252352 
860 126.044571 
870 126.208859 
880 126.285356 
890 126.346959 
900 126.407907 
910 126.689432 
920 126.471589 
930 126.471531 
940 126.610172 
950 126.567640 
960 126.905793 
970 126.727052 
980 126.740004 
990 126.637206 
