87.564665 
200.528947 
75.005756 
3.045098 
25.461119 
19.238009 
144.950887 
73.436545 
49.809375 
144.017332 
232.570693 
126.020387 
0.550078 
150.140340 
115.764781 
29.870349 
56.542481 
24.723741 
428.815242 
48.983584 
160.748534 
145.131487 
100.434302 
349.019898 
106.763502 
185.657778 
60.170040 
115.475407 
339.855585 
215.765316 
89.457611 
267.519981 
164.546809 
35.795465 
0.696001 
311.597282 
260.940575 
88.014845 
83.729829 
7.791704 
56.413714 
333.758170 
274.543419 
44.031934 
123.111678 
105.168879 
191.363438 
272.480012 
149.566256 
26.576064 
27.119821 
239.160124 
60.507167 
95.503235 
343.697116 
346.175273 
95.388995 
157.634255 
24.373674 
25.764522 
185.644833 
10.938635 
154.159706 
97.584745 
66.764243 
2.950888 
42.040140 
327.388093 
334.487727 
122.145841 
0.161638 
15.528418 
141.923704 
767.207050 
94.638158 
20.111675 
5.898035 
160.369789 
64.002970 
93.601455 
180.612065 
272.600298 
88.984554 
13.019663 
7.284665 
74.965815 
413.580208 
286.641051 
92.246883 
91.498169 
46.834708 
32.905117 
153.505672 
45.695831 
201.437341 
117.161371 
114.983401 
45.666024 
262.935277 
188.118637 
94.877806 
263.735329 
3.963419 
30.513457 
65.803574 
100.795257 
96.429844 
138.730411 
40.318339 
50.325326 
165.114175 
151.831182 
400.387513 
181.742894 
41.729138 
71.843131 
200.466735 
48.822470 
273.465483 
121.747173 
127.236911 
59.354006 
436.636033 
80.499740 
69.884701 
130.137548 
200.025651 
48.286969 
42.574411 
430.252715 
296.202228 
58.365274 
54.485100 
157.902947 
151.330932 
111.523472 
120.412575 
74.678901 
23.168936 
161.023559 
212.374061 
126.747037 
5.349445 
215.645271 
146.876488 
151.511652 
37.763535 
64.390668 
65.884537 
62.577931 
23.474371 
25.496045 
528.374803 
340.274989 
303.819544 
157.882747 
167.342495 
153.958494 
33.560064 
3.201966 
32.174019 
116.979088 
65.266655 
97.158542 
49.520267 
225.167937 
291.924651 
30.624354 
19.597983 
80.716914 
27.560335 
99.757218 
67.058150 
132.569067 
98.495348 
89.417599 
72.378219 
45.683856 
183.262348 
23.894779 
128.327612 
536.629887 
232.591945 
111.455164 
63.951027 
52.406564 
20.361582 
66.153507 
88.615573 
132.287954 
328.017461 
118.307568 
123.622564 
126.412622 
106.888682 
111.644137 
61.530342 
83.814165 
15.170436 
366.805124 
30.932808 
81.235091 
66.479476 
107.191840 
197.718255 
338.773904 
0.746184 
161.149113 
40.747136 
235.015400 
16.627329 
45.266135 
92.635661 
71.100509 
127.002026 
53.810452 
223.862218 
301.239387 
142.167448 
135.309899 
46.892243 
63.529485 
633.045455 
360.257468 
17.946584 
88.528370 
162.284648 
91.291371 
83.981057 
0.507815 
366.939898 
253.480764 
192.923516 
58.794541 
113.516281 
97.139646 
0.285744 
107.521906 
23.345100 
51.658048 
13.059246 
195.124235 
297.944972 
100.825472 
111.866415 
171.490207 
272.598713 
11.012123 
65.429163 
70.999380 
63.596320 
1.402388 
99.868190 
9.090489 
61.635069 
98.484855 
362.902001 
117.463734 
138.849037 
90.127503 
21.272374 
96.162648 
10.792686 
140.959089 
425.554655 
120.102888 
9.022165 
372.863435 
162.332585 
2.364725 
2.889418 
98.131721 
18.932391 
175.117198 
288.460076 
28.160058 
191.551450 
308.292950 
218.071521 
34.025176 
26.005072 
53.989285 
196.382081 
59.535263 
42.166533 
72.845623 
285.952127 
2.887530 
63.521069 
105.128437 
367.968784 
51.029142 
59.461205 
4.469713 
32.293011 
164.975735 
188.856493 
9.437789 
44.834225 
43.140352 
179.661272 
377.141948 
181.441625 
20.712087 
242.085152 
24.926139 
181.350514 
22.220172 
242.041117 
37.243828 
21.162147 
10.826508 
34.494930 
161.784120 
121.547398 
4.856089 
93.299586 
108.463040 
2.145691 
296.453496 
164.520599 
158.434606 
165.535660 
49.470882 
224.416788 
87.359027 
122.262148 
256.448021 
20.881840 
91.453121 
270.120879 
692.275074 
108.114799 
146.651688 
35.236376 
157.997963 
13.740722 
23.098091 
0.698667 
23.669529 
39.612156 
48.385935 
37.483072 
4.756590 
547.245750 
174.596198 
33.771243 
289.055033 
83.432636 
90.180285 
30.758674 
124.364879 
17.457240 
200.157250 
104.020011 
0.438398 
176.771771 
129.469091 
7.243361 
21.707865 
118.298033 
149.248551 
13.818460 
22.918638 
84.397965 
20.057462 
175.654026 
31.180066 
6.914458 
8.650507 
36.462305 
3.050666 
229.938775 
160.852993 
132.544421 
185.752906 
39.323620 
272.124159 
373.375873 
104.746484 
27.522989 
131.979317 
31.545984 
89.935722 
80.327147 
184.966978 
128.489291 
63.248518 
210.302398 
159.762275 
94.459179 
110.400583 
132.153301 
149.277706 
175.077558 
26.803042 
115.074172 
278.449839 
171.462652 
39.386058 
64.391111 
209.478334 
298.238627 
14.944415 
135.058634 
26.326313 
29.303677 
41.990780 
118.326585 
84.563058 
51.007673 
39.148626 
92.765043 
58.120168 
100.058801 
52.042251 
498.254037 
170.154018 
131.726725 
64.885146 
14.388052 
399.071450 
71.793621 
350.711704 
35.184598 
53.546628 
40.925326 
108.871660 
97.951894 
181.351355 
86.692473 
46.915931 
113.724564 
11.226293 
47.403816 
40.526876 
24.054318 
113.878454 
121.578644 
78.576405 
59.271841 
12.560733 
37.991039 
1.456768 
381.164645 
157.034183 
20.772389 
164.205799 
205.130830 
102.846191 
305.471664 
155.877352 
334.296778 
87.157459 
125.878431 
161.410521 
123.572376 
95.924670 
213.011712 
23.288929 
216.007042 
142.747999 
219.961864 
11.944777 
76.447794 
320.251162 
128.118456 
466.382700 
110.794488 
60.044198 
214.110089 
233.567133 
232.236343 
56.906770 
133.510268 
127.653945 
162.322411 
356.475316 
212.743530 
94.441269 
135.465528 
158.470165 
25.263355 
20.792400 
63.261432 
104.552228 
4.697142 
20.363679 
57.769146 
6.438122 
12.000432 
76.249663 
107.754689 
1.366048 
217.416217 
438.718224 
209.423557 
69.932602 
67.424049 
68.684694 
49.516769 
96.310187 
90.877417 
145.311444 
22.515365 
44.668316 
101.991938 
14.165622 
40.089446 
152.532588 
169.758147 
12.232311 
143.121862 
200.394585 
147.750358 
340.791113 
116.100692 
219.512653 
138.232591 
170.249150 
169.290162 
38.064877 
257.966812 
648.483792 
81.519803 
10.865012 
4.765752 
133.722724 
94.647166 
65.347992 
201.040489 
113.323404 
342.691532 
179.358152 
192.420316 
49.184472 
99.723526 
38.540272 
135.619834 
132.715593 
175.107591 
152.110671 
30.145063 
190.047699 
17.646518 
97.084253 
214.896959 
549.337440 
90.185955 
19.865236 
330.638304 
279.396748 
139.171492 
215.409411 
42.620405 
179.838874 
120.412968 
36.640169 
190.284633 
43.566702 
28.915721 
28.638425 
182.512820 
173.411127 
59.568656 
49.706804 
163.107943 
64.233754 
113.887293 
67.178750 
118.652991 
80.734137 
50.613062 
38.853944 
226.672916 
247.171395 
400.568258 
38.300667 
21.745108 
65.583593 
33.996805 
65.331000 
128.969493 
37.502197 
436.869905 
70.177004 
110.648150 
252.653086 
4.227760 
71.110153 
106.013079 
319.197922 
32.570990 
266.556732 
117.460909 
48.261526 
61.367520 
62.368174 
26.490023 
17.122680 
21.990470 
109.310031 
113.002987 
128.067781 
170.440208 
633.347079 
53.463132 
381.513556 
28.106499 
10.006834 
90.288097 
75.754208 
130.759365 
164.338733 
133.677466 
354.828564 
389.699296 
18.902367 
235.684187 
351.328948 
30.825854 
56.777510 
125.107777 
6.219808 
162.592452 
116.300672 
413.294040 
96.538794 
16.021980 
122.662614 
57.131365 
139.188312 
127.289265 
25.027416 
222.708322 
35.581709 
627.794820 
57.062211 
170.044063 
10.999037 
60.128051 
25.093427 
202.275645 
138.388546 
155.891269 
74.377927 
158.496194 
64.465146 
224.557493 
98.223091 
243.219403 
174.519308 
39.516961 
0.502591 
166.616786 
205.483071 
42.125173 
201.379628 
191.589447 
43.888842 
114.589159 
34.344642 
100.594514 
20.708922 
364.259568 
116.158134 
12.916787 
134.693357 
43.698943 
110.648981 
14.656397 
80.959713 
99.798631 
226.399552 
9.401883 
70.973352 
86.982316 
30.192768 
143.441653 
48.776175 
29.111147 
381.795329 
31.451329 
97.695397 
50.758364 
130.503750 
184.075710 
16.568010 
94.986518 
74.224329 
24.906328 
59.714854 
97.451655 
212.487468 
51.778582 
112.923885 
68.508420 
104.083257 
42.292243 
158.513072 
209.161730 
310.888967 
135.641249 
207.880105 
195.891621 
112.007167 
80.462322 
275.515625 
58.119799 
149.650834 
213.002693 
8.814833 
81.508761 
118.358072 
298.606451 
62.720381 
22.255398 
344.273851 
101.641813 
154.811323 
190.397084 
84.313400 
112.117660 
66.432133 
239.149465 
608.579614 
142.355373 
293.205818 
364.499243 
27.553861 
419.150882 
98.101036 
88.376634 
108.960259 
58.232457 
129.462150 
19.467177 
487.906700 
15.880189 
294.868679 
72.177399 
5.107512 
164.861377 
7.134677 
114.873953 
178.514613 
170.009085 
20.999413 
145.929338 
31.671537 
57.610370 
266.153854 
46.050707 
97.673421 
214.119662 
15.205062 
129.108586 
18.407340 
55.095675 
54.759256 
48.848272 
120.630596 
339.282724 
50.100909 
352.102420 
484.048716 
73.665694 
213.712726 
104.960641 
169.826539 
93.899862 
376.600298 
151.138937 
85.566701 
329.350812 
15.660361 
86.025518 
181.839756 
333.738637 
23.223072 
106.230929 
13.358276 
2.770992 
502.085408 
17.504877 
70.463644 
15.101056 
269.134984 
202.197278 
200.613041 
55.102524 
130.004806 
180.345053 
27.487355 
39.629254 
147.123121 
302.857743 
143.383198 
235.561343 
42.038556 
416.966973 
46.259572 
11.723788 
22.954245 
423.038449 
329.185403 
110.615394 
485.872064 
234.189061 
0.173341 
160.241972 
87.118571 
0.219105 
37.186724 
30.629026 
74.482182 
75.776455 
159.030786 
342.053299 
189.391047 
384.888147 
134.215954 
5.290864 
20.422359 
49.599152 
391.340059 
176.267498 
155.318557 
130.446682 
1.995394 
52.584335 
104.494269 
17.219730 
48.224917 
337.271631 
34.615415 
165.117410 
80.823074 
89.630485 
38.853477 
26.037040 
202.393772 
379.449104 
57.083806 
85.022261 
86.802823 
11.211169 
0.739800 
56.074576 
77.158094 
47.967383 
22.847645 
291.609623 
89.854719 
274.997377 
190.899783 
145.915361 
3.636151 
102.780358 
286.533956 
189.279888 
90.949526 
5.010255 
62.409937 
210.304859 
117.228218 
39.280416 
191.810080 
92.957838 
131.465274 
202.560591 
179.612202 
15.275379 
46.083480 
238.550056 
361.948033 
291.545995 
199.102578 
212.500872 
99.806053 
148.612850 
49.548775 
213.368340 
35.350797 
30.601713 
63.242577 
217.887428 
59.499999 
158.922251 
62.076612 
222.181972 
293.690425 
10.870424 
14.072957 
185.267992 
113.750418 
51.595721 
6.143143 
34.289295 
88.920281 
90.434037 
63.620871 
319.865840 
29.954793 
85.411459 
45.822407 
47.869735 
0.270677 
118.887284 
121.227835 
23.414694 
11.183908 
9.310138 
18.893257 
459.462895 
74.974791 
163.940925 
98.739261 
32.412171 
146.495969 
265.919139 
32.709874 
130.696578 
52.400700 
24.323248 
195.336516 
67.652104 
144.220022 
228.500848 
37.431760 
22.855185 
113.959890 
125.246281 
366.388964 
205.828289 
173.711892 
162.126443 
343.983744 
136.468504 
78.756273 
2.361904 
391.026415 
128.300047 
6.769973 
79.684371 
74.835130 
112.805253 
201.384171 
101.112458 
115.100314 
247.301048 
106.913576 
23.777118 
60.296913 
15.999227 
27.608600 
260.267988 
219.585804 
290.205444 
462.553046 
208.277646 
146.126910 
56.840688 
137.534008 
44.592569 
18.687730 
75.345457 
420.751228 
154.845694 
6.506048 
69.873686 
36.204137 
67.771832 
0.997070 
147.339466 
41.013830 
105.756653 
4.507955 
63.645788 
177.032537 
150.572691 
223.707592 
164.115173 
92.418847 
294.902899 
156.977512 
202.632745 
101.129829 
51.104882 
224.724859 
63.537635 
260.291033 
40.352488 
21.190852 
8.669297 
12.008393 
425.261920 
378.216053 
34.207352 
74.323264 
