231.631826 
196.983987 
392.388490 
258.133683 
49.238584 
56.560757 
41.442880 
61.120494 
404.897201 
287.620107 
298.815103 
56.082675 
86.651467 
80.385232 
80.517529 
131.873468 
25.054846 
44.588161 
336.465947 
110.204402 
61.884921 
28.789555 
42.878342 
134.810357 
87.053925 
83.664219 
176.538369 
335.449247 
8.712888 
206.148090 
199.506796 
21.698233 
203.366765 
45.814091 
209.854789 
318.753524 
46.877935 
25.256008 
201.243843 
97.665314 
35.846301 
183.576471 
152.282502 
76.241204 
105.097548 
62.710046 
487.524803 
153.627164 
6.864977 
97.922547 
69.314509 
78.177285 
189.398226 
4.978574 
53.410839 
72.451020 
99.292308 
50.732484 
18.804545 
35.474064 
65.707386 
245.595525 
273.624216 
303.054828 
119.854585 
122.796069 
159.499395 
31.378011 
40.939439 
115.883325 
22.003358 
2.126938 
21.896099 
133.753727 
279.489241 
257.160855 
412.439893 
103.121544 
139.999194 
109.505993 
54.206092 
65.501009 
82.697382 
75.991546 
51.926738 
70.641951 
190.271460 
5.324622 
196.394951 
69.265935 
10.138924 
251.774675 
103.752789 
3.177477 
13.684419 
14.249154 
183.369962 
175.238957 
80.045669 
34.541554 
141.383375 
218.905275 
354.922691 
11.394647 
107.306137 
6.738153 
39.746972 
85.011651 
270.250000 
55.955641 
69.665241 
144.931776 
24.220956 
88.685555 
20.080503 
296.839434 
280.571427 
100.030796 
63.156772 
49.780848 
67.027345 
10.858963 
124.422085 
214.373224 
176.143204 
181.028306 
39.608099 
49.221201 
109.909415 
107.024868 
174.654192 
136.562140 
323.083759 
47.385475 
91.043107 
72.436034 
34.338408 
15.457449 
23.420820 
403.073621 
60.610124 
51.484474 
83.301574 
221.893812 
76.387727 
48.117746 
79.538756 
209.844196 
98.204401 
88.548116 
45.206573 
514.419018 
210.847751 
44.762749 
57.724969 
113.905221 
37.739978 
27.781383 
82.972829 
81.709379 
100.996820 
4.214208 
577.038493 
74.305657 
201.955744 
199.754085 
61.210297 
42.362938 
246.994714 
105.574997 
67.904665 
45.526416 
75.904607 
157.810678 
145.722821 
132.043201 
33.188709 
335.796953 
151.599434 
343.945760 
412.765177 
15.130827 
31.529585 
0.626746 
1.538952 
97.674432 
121.896655 
52.424376 
86.063235 
161.607144 
98.109011 
339.937490 
11.140675 
17.571748 
161.936337 
116.107608 
39.125825 
96.742235 
238.896827 
314.864525 
68.348692 
33.449624 
36.907713 
59.859616 
173.909539 
49.429153 
73.867403 
192.168690 
18.124693 
214.880526 
9.759741 
0.041774 
26.165576 
44.223294 
169.198021 
70.641378 
159.998627 
294.979263 
100.898572 
246.731911 
99.344307 
45.133988 
336.977672 
102.577886 
158.889985 
103.192505 
11.857381 
151.462444 
28.728209 
81.753488 
47.450444 
212.873846 
33.656957 
19.603979 
8.032003 
266.287082 
10.015553 
5.131195 
227.867414 
84.529160 
201.890628 
380.677080 
39.670931 
100.140092 
51.514490 
116.386970 
106.771446 
282.777564 
11.643377 
24.394829 
67.364173 
227.269838 
64.471247 
204.019068 
86.199314 
122.470221 
139.547322 
158.016311 
232.047552 
21.050109 
733.706962 
141.513189 
17.026474 
78.655720 
389.863368 
104.343360 
75.333431 
10.444507 
98.887752 
314.508677 
29.347403 
213.850653 
149.263868 
183.243027 
47.564811 
359.506286 
4.320115 
193.469253 
243.151570 
190.102658 
62.522861 
37.617632 
12.344763 
137.245247 
91.369688 
73.535322 
0.010245 
4.623294 
95.299333 
134.076189 
33.851330 
42.513067 
138.431554 
208.359940 
437.449936 
118.442600 
235.660961 
20.749242 
127.598085 
42.236215 
25.241953 
154.892141 
204.740866 
23.477616 
131.540532 
437.181210 
19.581283 
208.740734 
16.856256 
277.624342 
202.744156 
59.204311 
343.125029 
185.481089 
102.753457 
3.610956 
278.620617 
12.721239 
195.541438 
215.290792 
106.952580 
310.921097 
125.926602 
172.567884 
135.118280 
149.117343 
18.635991 
123.800865 
160.912341 
87.030567 
262.928445 
96.548201 
437.928297 
261.450978 
212.404420 
36.769065 
42.781113 
334.134326 
51.722492 
139.976830 
81.623202 
78.355692 
4.720628 
193.801387 
79.606876 
56.983002 
102.346390 
43.741455 
92.564921 
99.614259 
233.404590 
188.265663 
199.773263 
332.863477 
254.415045 
107.028658 
1.596406 
155.473072 
190.342383 
74.991029 
187.579242 
144.328165 
103.794384 
51.589721 
46.080524 
25.456115 
109.865508 
25.371691 
161.850967 
218.668673 
33.182634 
444.377344 
223.992311 
177.710032 
2.203643 
3.405516 
136.839884 
253.300264 
117.295942 
3.393491 
94.263759 
81.353464 
131.590908 
338.421496 
94.663847 
58.906271 
177.317952 
90.402947 
177.869402 
107.387542 
244.015328 
175.033417 
356.165725 
22.702800 
89.742431 
107.537617 
7.866036 
155.475669 
73.896362 
16.797774 
123.868559 
353.003634 
153.029805 
224.222702 
133.132382 
181.902852 
180.841477 
226.030617 
5.114349 
282.329576 
59.335823 
107.085002 
231.454967 
158.158934 
19.405765 
84.492990 
149.842755 
113.107363 
257.713339 
47.319996 
21.931217 
27.710638 
23.803079 
43.061191 
46.910557 
28.779006 
109.771070 
45.138401 
311.366342 
155.948917 
34.851006 
84.392443 
273.231148 
56.613719 
110.965979 
45.512215 
80.122390 
274.837746 
68.120548 
14.681227 
261.521289 
258.769052 
136.222766 
199.699420 
193.990400 
152.723854 
53.457252 
89.313577 
35.842492 
24.246754 
19.126894 
329.947316 
45.625930 
212.667605 
201.281138 
135.313508 
109.962830 
6.844782 
208.982368 
162.083685 
86.061654 
11.834980 
284.112829 
232.470196 
210.955342 
49.772384 
327.416758 
342.703564 
161.405052 
29.590456 
71.429244 
59.116158 
15.101476 
101.324972 
47.162263 
122.818422 
148.326301 
52.591623 
58.429205 
241.801158 
38.193320 
217.403929 
241.113034 
223.348982 
298.779620 
71.720360 
215.093662 
157.297510 
86.592730 
158.960261 
1.613984 
68.749108 
351.082477 
15.797639 
238.848641 
136.800052 
89.950955 
89.441069 
147.848451 
238.076155 
24.189475 
5.281469 
197.711021 
131.848393 
47.356750 
116.768852 
88.861086 
47.618233 
92.513601 
118.688865 
6.134037 
90.887683 
102.090863 
318.362988 
98.158689 
34.898123 
269.220013 
125.797079 
20.091335 
160.787441 
138.898203 
8.905256 
180.913033 
381.434486 
0.871432 
50.241979 
363.852022 
297.634169 
159.143581 
30.754551 
8.881958 
110.290412 
136.922613 
388.907003 
8.161280 
79.239720 
239.266535 
224.276538 
15.520435 
59.443368 
81.117022 
14.958092 
134.821195 
52.200000 
57.244173 
90.252014 
458.831509 
35.444033 
312.331426 
252.207481 
46.998535 
305.113209 
106.673000 
69.346953 
31.155850 
42.605715 
230.107358 
347.337526 
4.182858 
30.173638 
212.956526 
111.989019 
18.280458 
1.420378 
51.570680 
31.389559 
2.419458 
21.934566 
287.249528 
103.630177 
301.939682 
81.017683 
31.591299 
25.655878 
404.918708 
312.051509 
98.427862 
96.176632 
47.760033 
146.587258 
172.109699 
243.481749 
542.081796 
132.152599 
12.888605 
58.494521 
12.793987 
189.527551 
8.775127 
87.224031 
6.057880 
192.805872 
10.470755 
25.233047 
234.349824 
17.256990 
115.952074 
125.165549 
196.960581 
4.871642 
129.700134 
45.952126 
114.751347 
301.723028 
111.838471 
147.926833 
22.992630 
88.607427 
158.862650 
63.414204 
305.662701 
59.642916 
13.171241 
319.009694 
45.133763 
6.860567 
343.839449 
140.758786 
37.944585 
137.003276 
63.371679 
89.536329 
298.519609 
129.376407 
409.812510 
44.736255 
72.954526 
104.410079 
135.942175 
27.579482 
37.561354 
17.179770 
127.470212 
245.074579 
109.846778 
202.071886 
206.106287 
3.615575 
130.842854 
49.798757 
96.694135 
13.010061 
413.257349 
110.863220 
5.297627 
43.304411 
359.165248 
21.678225 
78.681132 
171.133429 
112.696001 
280.401385 
26.228772 
296.481586 
178.725121 
50.153073 
36.635931 
106.274364 
9.442752 
27.783509 
16.472326 
43.568829 
235.249186 
184.314897 
23.122564 
15.666141 
277.138842 
123.355201 
11.510962 
318.288266 
155.705940 
138.415256 
55.210789 
32.290890 
27.086739 
143.424896 
79.577321 
35.738097 
92.753439 
24.849800 
209.616591 
68.584885 
56.051739 
52.548776 
74.850494 
62.512881 
195.268033 
174.171147 
60.155582 
207.780450 
8.020613 
22.183139 
87.187924 
579.297794 
260.891424 
59.005981 
147.868095 
27.386376 
84.899143 
96.667098 
86.068894 
61.907515 
25.738040 
64.371566 
242.994328 
71.811482 
248.160683 
169.504779 
132.017771 
68.661572 
60.368922 
40.576641 
2.351416 
62.425965 
15.713889 
203.145114 
7.638875 
78.006227 
84.422057 
283.769390 
434.420078 
14.930115 
28.914842 
143.931017 
249.428433 
8.539409 
8.042383 
159.069615 
41.546116 
333.767239 
144.617678 
176.867081 
107.289156 
92.870630 
6.501599 
63.067184 
41.315179 
383.247288 
85.037322 
18.333503 
555.757924 
67.455233 
19.248229 
78.908565 
40.851631 
55.950750 
27.647765 
81.901046 
101.072055 
82.401384 
132.394530 
243.114710 
134.528329 
62.376556 
4.909827 
40.051612 
99.761942 
40.260991 
375.056244 
29.893124 
302.562423 
303.166848 
27.255431 
160.725495 
9.083644 
70.275097 
2.429194 
214.027192 
185.392034 
11.802367 
242.306812 
63.817274 
26.163884 
95.918063 
8.663754 
30.994523 
37.549556 
217.712587 
80.668298 
34.384180 
47.311313 
0.133509 
7.149998 
85.841967 
48.764758 
198.511223 
138.158925 
231.504433 
136.465992 
253.125078 
25.759237 
107.274398 
49.718510 
143.864183 
123.759004 
23.748508 
86.398635 
56.930504 
9.829518 
254.414249 
125.036184 
45.220077 
110.914379 
17.321800 
60.856386 
247.310086 
210.263603 
415.945173 
87.577993 
354.962941 
109.097087 
217.135674 
15.723821 
25.629168 
354.190188 
161.233171 
104.327539 
81.903141 
39.933463 
72.828540 
864.408516 
70.273128 
287.603365 
67.867207 
257.985067 
392.863247 
24.964018 
15.795721 
20.595692 
477.447548 
19.525509 
141.552394 
74.863839 
46.939999 
351.873127 
176.312920 
19.799283 
1.796360 
0.836501 
25.491828 
63.859203 
24.035638 
92.046784 
159.611080 
108.922082 
48.340193 
218.486526 
36.790811 
108.204480 
171.766787 
75.495723 
56.080058 
80.737372 
250.081941 
80.701657 
157.557070 
111.362330 
63.559537 
192.517137 
382.859247 
136.768689 
178.192574 
147.713159 
130.548187 
10.652123 
45.105804 
47.117292 
103.804169 
152.206639 
0.289648 
203.154831 
6.065598 
93.416877 
7.346011 
112.021973 
2.141154 
42.289984 
108.444326 
16.665215 
18.261525 
215.490239 
7.365445 
95.058552 
222.907244 
304.880169 
67.973607 
87.696426 
122.511320 
58.700727 
32.986520 
272.994804 
19.241424 
47.443380 
27.901055 
363.166829 
64.517546 
93.935250 
25.238447 
14.608820 
1.925179 
595.969989 
84.434067 
441.203291 
80.714479 
98.148600 
55.989229 
23.040528 
49.865861 
306.731907 
212.772006 
208.299742 
46.870943 
197.180093 
129.620073 
292.550352 
89.616384 
77.054315 
147.517510 
141.961957 
198.782785 
42.219597 
135.128087 
60.504686 
22.657456 
185.829578 
28.260208 
92.621468 
20.676646 
309.051139 
124.959419 
33.476534 
123.215400 
143.340313 
30.261774 
3.060997 
104.993246 
33.845933 
26.993551 
88.975822 
115.870814 
120.660827 
53.472564 
60.957518 
76.295635 
51.826604 
68.762062 
79.895229 
38.318090 
133.494268 
86.318720 
236.293456 
30.408629 
56.714769 
214.735282 
20.240499 
33.986347 
89.165234 
182.416695 
32.652953 
8.792729 
4.801444 
40.003019 
14.724910 
23.457712 
60.464285 
76.697829 
3.765583 
293.386820 
206.048640 
0.871664 
60.448638 
214.970703 
4.227237 
95.768192 
165.144797 
102.329988 
63.596122 
152.873672 
56.549591 
101.591427 
42.644442 
3.389306 
0.052705 
202.498140 
51.647476 
13.642505 
39.015663 
97.199614 
311.761904 
30.341952 
30.379543 
195.283817 
361.748590 
10.961379 
115.492180 
60.127826 
7.919728 
247.951685 
90.551210 
24.544513 
