84.137686 
185.635156 
30.725833 
39.493620 
254.249998 
214.854377 
175.046546 
6.149406 
170.809941 
282.749262 
263.288732 
54.682457 
149.996847 
78.480572 
78.931566 
242.751560 
320.215118 
225.321997 
156.463529 
59.738642 
13.371987 
78.710796 
170.920098 
410.326510 
145.094888 
68.788173 
178.927612 
55.539609 
93.465747 
70.559775 
231.464925 
161.701026 
144.774448 
35.548249 
540.394992 
31.932454 
10.770059 
42.313663 
166.372120 
232.245084 
112.376449 
55.457691 
12.000675 
337.291848 
77.887630 
81.261125 
380.010594 
191.221501 
208.136831 
129.522665 
273.797069 
600.324330 
29.792062 
579.287045 
22.150237 
222.341124 
36.337747 
89.189245 
292.113097 
147.474388 
46.592865 
19.533417 
68.778657 
122.221578 
79.093590 
126.348039 
124.980573 
135.690069 
158.250019 
129.275013 
27.450764 
84.531220 
53.129736 
25.858860 
18.747811 
16.767488 
61.978028 
95.950156 
177.305621 
93.439596 
194.614124 
59.740567 
89.104093 
165.090697 
45.085479 
83.409776 
82.999268 
89.449858 
390.404881 
22.844657 
202.374061 
33.203731 
210.506849 
70.611452 
22.351076 
112.521320 
329.812888 
82.783020 
18.799961 
162.045214 
100.616582 
85.627108 
0.845698 
105.158861 
95.024778 
84.294937 
143.915984 
14.961180 
4.260526 
53.992966 
25.021097 
176.925112 
11.443124 
272.184513 
263.012965 
428.352103 
164.748784 
100.041416 
93.763564 
52.884664 
54.586256 
22.738203 
27.448847 
352.137403 
3.521318 
20.842506 
167.248163 
27.972301 
26.737778 
271.840950 
10.496925 
18.008630 
17.278691 
105.426697 
129.347576 
169.409507 
50.047963 
95.553168 
232.729805 
77.952060 
587.468784 
505.418714 
67.272111 
164.045425 
116.822582 
178.395111 
141.335477 
25.568251 
224.350451 
263.125620 
191.672070 
82.102867 
10.666599 
189.060467 
87.973925 
164.827302 
151.833394 
69.523917 
337.625660 
13.376096 
41.609040 
493.057650 
62.623497 
69.792592 
143.841694 
258.589332 
256.339020 
266.965889 
138.015411 
7.681080 
91.873059 
72.389965 
147.452545 
21.943177 
46.888150 
54.152366 
80.553291 
167.001876 
191.298394 
181.948757 
66.805615 
412.421572 
89.152034 
46.721488 
70.955701 
395.872083 
8.812552 
76.258063 
73.834451 
233.502479 
89.320268 
50.046523 
85.055530 
0.238509 
163.835127 
655.944195 
276.003636 
146.976232 
24.235157 
343.129882 
139.861122 
216.818735 
17.426594 
103.114156 
38.338325 
194.595365 
77.691145 
190.002347 
63.493135 
151.668490 
154.205115 
101.398660 
49.055300 
66.724283 
297.737951 
83.881822 
40.737043 
611.529444 
186.651329 
93.616175 
84.673036 
141.096510 
5.467782 
23.003866 
409.761662 
6.961732 
28.402316 
136.152750 
189.380267 
111.639780 
110.059365 
117.151334 
23.395309 
210.998599 
105.567420 
2.725300 
369.196152 
17.193752 
70.265677 
202.856996 
59.731349 
29.513237 
169.894276 
40.734424 
21.721402 
159.963725 
235.893815 
168.952945 
329.439474 
386.555383 
82.492973 
61.020027 
182.996140 
99.940793 
33.904613 
193.272810 
572.646194 
198.871842 
45.907020 
170.250007 
81.072961 
425.912303 
482.974368 
27.661249 
90.019911 
8.497091 
2.144308 
64.990220 
11.072565 
6.219184 
461.715008 
104.529179 
265.273008 
72.173413 
280.800486 
25.380979 
172.388615 
443.387761 
248.691403 
18.700367 
168.863655 
117.352050 
640.570737 
75.092020 
130.596250 
40.783826 
71.170577 
8.525843 
322.010961 
89.340981 
32.721014 
126.065034 
236.998361 
228.750062 
345.220351 
330.151933 
114.627672 
758.189167 
144.313901 
155.178891 
207.945126 
134.767590 
121.590052 
264.500971 
527.753612 
26.753139 
99.039282 
62.935846 
17.102421 
94.693699 
757.892806 
19.025381 
47.110338 
361.734333 
143.327517 
35.667937 
375.872371 
248.728832 
496.911846 
99.044020 
19.550734 
185.811306 
362.313640 
144.052236 
91.493275 
195.422468 
96.230432 
98.723794 
43.013843 
73.728886 
0.382903 
129.044579 
5.623091 
96.038780 
239.064153 
414.631539 
123.398423 
71.952749 
191.655117 
240.147212 
41.279385 
118.121122 
31.408590 
81.771924 
43.486309 
212.875474 
76.280256 
53.410022 
225.102873 
1.663758 
285.862353 
267.039155 
80.646864 
151.269335 
116.625667 
55.758212 
88.313074 
171.629601 
165.918985 
144.735273 
163.058508 
109.467370 
19.072732 
64.551106 
17.389035 
71.068323 
14.738916 
75.222503 
81.308489 
7.758656 
79.617182 
43.631712 
195.177080 
192.088941 
37.692543 
429.543758 
67.251544 
67.493496 
157.430898 
115.870865 
79.369970 
16.740218 
20.298752 
114.295548 
133.177039 
88.706182 
50.724193 
118.071250 
211.752221 
193.887238 
326.950421 
45.354055 
54.845937 
233.350226 
335.025466 
205.544518 
64.539819 
216.848490 
456.433911 
161.111592 
36.905328 
31.389993 
65.269606 
432.623276 
144.740819 
45.135334 
339.720666 
208.385466 
6.092138 
216.866070 
287.820919 
96.334434 
206.573817 
186.710384 
171.194322 
47.988620 
106.773775 
26.493487 
48.336980 
262.728795 
124.336811 
200.352199 
44.894394 
80.529506 
30.639105 
53.425824 
15.186311 
8.102761 
123.528267 
4.492372 
110.407295 
16.928060 
215.787887 
260.878690 
550.288772 
35.308837 
0.815835 
13.264228 
39.356473 
23.308529 
193.680700 
84.575206 
222.848629 
115.172799 
72.720130 
3.153708 
88.067109 
38.874647 
30.000974 
51.243042 
181.111614 
84.097637 
428.102672 
44.824050 
1.008869 
94.681400 
360.272938 
25.536164 
331.696642 
115.431643 
420.603485 
10.079935 
40.338890 
23.921586 
241.877572 
152.740054 
78.930991 
132.680387 
74.558437 
171.008510 
158.141694 
104.599006 
463.408002 
127.158421 
17.121570 
22.328498 
14.252115 
140.491536 
60.980169 
74.990488 
149.549699 
160.489973 
65.960479 
100.958130 
109.946645 
69.136248 
232.326752 
239.350668 
146.143157 
284.376993 
308.509836 
249.413404 
437.937283 
103.664813 
168.175212 
148.794846 
156.037615 
129.464709 
410.898184 
284.205584 
15.899392 
51.193514 
55.617758 
5.263555 
188.402263 
18.008570 
6.637245 
54.824120 
196.923197 
194.363142 
339.853223 
108.008972 
452.601537 
192.729343 
722.212326 
74.528364 
141.827007 
61.672941 
142.814751 
95.934679 
334.738438 
58.159314 
334.889554 
151.832430 
304.212737 
9.351383 
55.356188 
147.757985 
44.747692 
147.504673 
97.367268 
88.115083 
31.838115 
11.124651 
43.558113 
473.720246 
94.940140 
122.148034 
70.394834 
537.152536 
193.800383 
79.669331 
57.200592 
38.519854 
16.338424 
4.855719 
89.456384 
36.010244 
21.971174 
327.852985 
80.448863 
335.671013 
105.700185 
134.233602 
73.927095 
5.671898 
321.247023 
114.548982 
125.179860 
30.277175 
171.126428 
119.659528 
166.327675 
129.705731 
489.164841 
223.272873 
119.803752 
73.949952 
86.297591 
271.334841 
357.696140 
135.633418 
9.056289 
8.670252 
157.237865 
247.646789 
319.239412 
53.732389 
60.709829 
108.871779 
363.037146 
463.421610 
47.947035 
143.990928 
259.753404 
202.583829 
100.068262 
152.286424 
104.164570 
258.850639 
193.374668 
19.642360 
431.992215 
46.774878 
20.886268 
100.788120 
117.000445 
137.111613 
286.606854 
193.656078 
94.911351 
37.319982 
311.916114 
36.889862 
250.827014 
106.060602 
159.423923 
170.294925 
102.306253 
166.640438 
133.072021 
122.295967 
778.530326 
37.061039 
161.272916 
84.668667 
43.229975 
278.117508 
35.712653 
196.550247 
64.948380 
209.701245 
93.518647 
59.752345 
0.095686 
19.878940 
375.322669 
128.991037 
366.614741 
62.402700 
62.150822 
166.751313 
101.263309 
70.326728 
207.088266 
65.452301 
71.160258 
91.320269 
125.509600 
69.594155 
97.782957 
284.953698 
108.063464 
67.787251 
28.111169 
663.701008 
20.929208 
42.493071 
398.601635 
336.660649 
39.228537 
278.568851 
55.865043 
60.243555 
166.454172 
111.629662 
574.192703 
395.063184 
106.065377 
97.742620 
351.179646 
80.931212 
142.610794 
369.092791 
126.653091 
35.402105 
123.057811 
25.692504 
161.298604 
36.120203 
218.781153 
82.117735 
154.399736 
42.417769 
267.564252 
130.132464 
94.392330 
162.116345 
268.027827 
54.536184 
38.597748 
48.017221 
193.485021 
40.278426 
69.188486 
339.477850 
36.513612 
205.954632 
25.661753 
213.713263 
101.346743 
253.976222 
278.588941 
94.158566 
182.248641 
11.563530 
277.556310 
125.584525 
211.748091 
7.975822 
28.311283 
327.690208 
167.408260 
169.631256 
270.316305 
60.048829 
168.173257 
117.851780 
77.890933 
90.490406 
43.616341 
66.936748 
279.651778 
134.388902 
5.217134 
62.894448 
82.779010 
25.710811 
2.573953 
106.627849 
9.294574 
22.207081 
12.451747 
64.217542 
354.607120 
440.915463 
50.301806 
12.271566 
223.484234 
52.151490 
140.214696 
98.536269 
176.251220 
18.297018 
10.623733 
211.387953 
46.924489 
177.924914 
139.146569 
97.017877 
29.624301 
218.996651 
263.908659 
193.508144 
307.324885 
178.178189 
27.920562 
20.766710 
91.853667 
137.536724 
8.239023 
25.327869 
21.718521 
163.030881 
305.421925 
385.683570 
39.651274 
283.239570 
205.304961 
63.090472 
74.942068 
9.903897 
173.496882 
29.245164 
3.270334 
42.175091 
5.156825 
11.046691 
63.222414 
74.250758 
227.104047 
93.144191 
366.563791 
12.637305 
126.562931 
235.574129 
162.265585 
79.541461 
327.346256 
18.985181 
82.941035 
67.107208 
63.877934 
49.255123 
197.541468 
272.570325 
173.381204 
225.541244 
112.030077 
174.281838 
127.676715 
86.865445 
87.697659 
71.915794 
3.365399 
42.137777 
82.872934 
76.340988 
409.493474 
168.838711 
136.041298 
50.365043 
123.662878 
1.895438 
74.119727 
186.501218 
87.133846 
56.696630 
141.588429 
434.126176 
10.715161 
345.518691 
306.802365 
223.636502 
197.010540 
300.116971 
74.935825 
263.020004 
88.739482 
79.754580 
127.757998 
12.887222 
111.240881 
33.921965 
170.827934 
6.259696 
68.054676 
121.480156 
182.399361 
142.864683 
1.285696 
80.670510 
173.706742 
176.999604 
303.408733 
573.407468 
102.924920 
49.024311 
73.833576 
24.169738 
63.043734 
213.768437 
125.732705 
148.339599 
580.445326 
30.236335 
101.461012 
238.721452 
181.040046 
73.553644 
79.720268 
122.264811 
42.801951 
16.265819 
40.890941 
1011.657607 
50.840987 
8.798930 
111.682048 
355.456943 
189.521202 
337.677643 
116.357470 
216.244641 
0.494698 
28.907506 
104.029195 
8.279201 
187.693447 
252.299441 
27.888564 
121.642115 
9.814846 
223.821788 
382.641702 
162.107044 
74.162922 
340.948541 
15.921703 
66.232304 
280.707024 
162.511057 
15.114039 
197.890831 
64.872435 
351.589368 
2.453404 
260.900046 
20.824555 
69.489505 
150.761426 
124.662005 
5.471055 
159.557357 
93.193671 
130.997375 
91.100587 
93.601022 
44.003152 
398.371902 
125.063500 
87.292471 
272.347216 
949.265390 
111.976740 
178.946350 
575.598991 
75.478272 
61.685382 
76.405915 
34.501551 
118.534840 
180.554783 
37.977862 
85.904176 
287.612649 
158.734853 
68.418227 
103.151079 
31.316721 
76.743854 
130.643530 
28.435590 
210.079018 
47.493793 
12.995329 
199.577349 
99.312483 
90.220221 
487.829193 
386.624419 
42.186720 
129.251104 
9.088135 
39.626278 
265.057651 
125.547015 
46.683755 
224.015080 
198.347550 
30.901792 
92.478646 
1.409564 
132.808257 
29.102372 
30.065909 
92.656071 
84.641610 
162.123727 
121.264851 
141.581679 
49.382168 
184.922890 
5.980692 
153.701424 
268.924308 
33.905200 
262.530330 
52.656255 
59.006321 
117.629483 
117.367050 
74.507607 
144.836245 
17.649050 
39.678173 
14.176599 
117.470047 
299.581232 
91.305503 
210.298493 
178.842222 
2.793751 
171.375809 
31.569848 
157.082773 
169.686727 
380.759904 
105.999509 
128.201963 
138.669881 
213.141085 
44.552729 
252.981121 
5.245617 
153.481289 
234.697328 
181.647082 
160.598857 
37.372579 
44.826794 
335.178295 
125.880593 
266.204690 
179.453996 
148.871792 
164.996357 
20.665792 
120.971047 
272.709986 
